   1.1850000e+03
   3.9000000e+02
   0.0000000e+00
   1.9417438e+00
   3.8780864e+00
   5.8090278e+00
   7.7345679e+00
   9.6547068e+00
   1.1569444e+01
   1.3478781e+01
   1.5382716e+01
   1.7281250e+01
   1.9174383e+01
   2.1062114e+01
   2.2944444e+01
   2.4821373e+01
   2.6692901e+01
   2.8559028e+01
   3.0419753e+01
   3.2275077e+01
   3.4125000e+01
   3.5969522e+01
   3.7808642e+01
   3.9642361e+01
   4.1470679e+01
   4.3293596e+01
   4.5111111e+01
   4.6923225e+01
   4.8729938e+01
   5.0531250e+01
   5.2327160e+01
   5.4117670e+01
   5.5902778e+01
   5.7682485e+01
   5.9456790e+01
   6.1225694e+01
   6.2989198e+01
   6.4747299e+01
   6.6500000e+01
   6.8247299e+01
   6.9989198e+01
   7.1725694e+01
   7.3456790e+01
   7.5182485e+01
   7.6902778e+01
   7.8617670e+01
   8.0327160e+01
   8.2031250e+01
   8.3729938e+01
   8.5423225e+01
   8.7111111e+01
   8.8793596e+01
   9.0470679e+01
   9.2142361e+01
   9.3808642e+01
   9.5469522e+01
   9.7125000e+01
   9.8775077e+01
   1.0041975e+02
   1.0205903e+02
   1.0369290e+02
   1.0532137e+02
   1.0694444e+02
   1.0856211e+02
   1.1017438e+02
   1.1178125e+02
   1.1338272e+02
   1.1497878e+02
   1.1656944e+02
   1.1815471e+02
   1.1973457e+02
   1.2130903e+02
   1.2287809e+02
   1.2444174e+02
   1.2600000e+02
   1.2755285e+02
   1.2910031e+02
   1.3064236e+02
   1.3217901e+02
   1.3371026e+02
   1.3523611e+02
   1.3675656e+02
   1.3827160e+02
   1.3978125e+02
   1.4128549e+02
   1.4278434e+02
   1.4427778e+02
   1.4576582e+02
   1.4724846e+02
   1.4872569e+02
   1.5019753e+02
   1.5166397e+02
   1.5312500e+02
   1.5458063e+02
   1.5603086e+02
   1.5747569e+02
   1.5891512e+02
   1.6034915e+02
   1.6177778e+02
   1.6320100e+02
   1.6461883e+02
   1.6603125e+02
   1.6743827e+02
   1.6883989e+02
   1.7023611e+02
   1.7162693e+02
   1.7301235e+02
   1.7439236e+02
   1.7576698e+02
   1.7713619e+02
   1.7850000e+02
   1.7985841e+02
   1.8121142e+02
   1.8255903e+02
   1.8390123e+02
   1.8523804e+02
   1.8656944e+02
   1.8789545e+02
   1.8921605e+02
   1.9053125e+02
   1.9184105e+02
   1.9314545e+02
   1.9444444e+02
   1.9573804e+02
   1.9702623e+02
   1.9830903e+02
   1.9958642e+02
   2.0085841e+02
   2.0212500e+02
   2.0338619e+02
   2.0464198e+02
   2.0589236e+02
   2.0713735e+02
   2.0837693e+02
   2.0961111e+02
   2.1083989e+02
   2.1206327e+02
   2.1328125e+02
   2.1449383e+02
   2.1570100e+02
   2.1690278e+02
   2.1809915e+02
   2.1929012e+02
   2.2047569e+02
   2.2165586e+02
   2.2283063e+02
   2.2400000e+02
   2.2516397e+02
   2.2632253e+02
   2.2747569e+02
   2.2862346e+02
   2.2976582e+02
   2.3090278e+02
   2.3203434e+02
   2.3316049e+02
   2.3428125e+02
   2.3539660e+02
   2.3650656e+02
   2.3761111e+02
   2.3871026e+02
   2.3980401e+02
   2.4089236e+02
   2.4197531e+02
   2.4305285e+02
   2.4412500e+02
   2.4519174e+02
   2.4625309e+02
   2.4730903e+02
   2.4835957e+02
   2.4940471e+02
   2.5044444e+02
   2.5147878e+02
   2.5250772e+02
   2.5353125e+02
   2.5454938e+02
   2.5556211e+02
   2.5656944e+02
   2.5757137e+02
   2.5856790e+02
   2.5955903e+02
   2.6054475e+02
   2.6152508e+02
   2.6250000e+02
   2.6346952e+02
   2.6443364e+02
   2.6539236e+02
   2.6634568e+02
   2.6729360e+02
   2.6823611e+02
   2.6917323e+02
   2.7010494e+02
   2.7103125e+02
   2.7195216e+02
   2.7286767e+02
   2.7377778e+02
   2.7468248e+02
   2.7558179e+02
   2.7647569e+02
   2.7736420e+02
   2.7824730e+02
   2.7912500e+02
   2.7999730e+02
   2.8086420e+02
   2.8172569e+02
   2.8258179e+02
   2.8343248e+02
   2.8427778e+02
   2.8511767e+02
   2.8595216e+02
   2.8678125e+02
   2.8760494e+02
   2.8842323e+02
   2.8923611e+02
   2.9004360e+02
   2.9084568e+02
   2.9164236e+02
   2.9243364e+02
   2.9321952e+02
   2.9400000e+02
   2.9477508e+02
   2.9554475e+02
   2.9630903e+02
   2.9706790e+02
   2.9782137e+02
   2.9856944e+02
   2.9931211e+02
   3.0004938e+02
   3.0078125e+02
   3.0150772e+02
   3.0222878e+02
   3.0294444e+02
   3.0365471e+02
   3.0435957e+02
   3.0505903e+02
   3.0575309e+02
   3.0644174e+02
   3.0712500e+02
   3.0780285e+02
   3.0847531e+02
   3.0914236e+02
   3.0980401e+02
   3.1046026e+02
   3.1111111e+02
   3.1175656e+02
   3.1239660e+02
   3.1303125e+02
   3.1366049e+02
   3.1428434e+02
   3.1490278e+02
   3.1551582e+02
   3.1612346e+02
   3.1672569e+02
   3.1732253e+02
   3.1791397e+02
   3.1850000e+02
   3.1908063e+02
   3.1965586e+02
   3.2022569e+02
   3.2079012e+02
   3.2134915e+02
   3.2190278e+02
   3.2245100e+02
   3.2299383e+02
   3.2353125e+02
   3.2406327e+02
   3.2458989e+02
   3.2511111e+02
   3.2562693e+02
   3.2613735e+02
   3.2664236e+02
   3.2714198e+02
   3.2763619e+02
   3.2812500e+02
   3.2860841e+02
   3.2908642e+02
   3.2955903e+02
   3.3002623e+02
   3.3048804e+02
   3.3094444e+02
   3.3139545e+02
   3.3184105e+02
   3.3228125e+02
   3.3271605e+02
   3.3314545e+02
   3.3356944e+02
   3.3398804e+02
   3.3440123e+02
   3.3480903e+02
   3.3521142e+02
   3.3560841e+02
   3.3600000e+02
   3.3638619e+02
   3.3676698e+02
   3.3714236e+02
   3.3751235e+02
   3.3787693e+02
   3.3823611e+02
   3.3858989e+02
   3.3893827e+02
   3.3928125e+02
   3.3961883e+02
   3.3995100e+02
   3.4027778e+02
   3.4059915e+02
   3.4091512e+02
   3.4122569e+02
   3.4153086e+02
   3.4183063e+02
   3.4212500e+02
   3.4241397e+02
   3.4269753e+02
   3.4297569e+02
   3.4324846e+02
   3.4351582e+02
   3.4377778e+02
   3.4403434e+02
   3.4428549e+02
   3.4453125e+02
   3.4477160e+02
   3.4500656e+02
   3.4523611e+02
   3.4546026e+02
   3.4567901e+02
   3.4589236e+02
   3.4610031e+02
   3.4630285e+02
   3.4650000e+02
   3.4669174e+02
   3.4687809e+02
   3.4705903e+02
   3.4723457e+02
   3.4740471e+02
   3.4756944e+02
   3.4772878e+02
   3.4788272e+02
   3.4803125e+02
   3.4817438e+02
   3.4831211e+02
   3.4844444e+02
   3.4857137e+02
   3.4869290e+02
   3.4880903e+02
   3.4891975e+02
   3.4902508e+02
   3.4912500e+02
   3.4921952e+02
   3.4930864e+02
   3.4939236e+02
   3.4947068e+02
   3.4954360e+02
   3.4961111e+02
   3.4967323e+02
   3.4972994e+02
   3.4978125e+02
   3.4982716e+02
   3.4986767e+02
   3.4990278e+02
   3.4993248e+02
   3.4995679e+02
   3.4997569e+02
   3.4998920e+02
   3.4999730e+02
   3.5000000e+02
   3.5000000e+02
   3.5000000e+02
   3.5000000e+02
   3.5000000e+02
   3.5000000e+02
   3.5000000e+02
   3.5000000e+02
   3.5000000e+02
   3.5000000e+02
   3.5000000e+02
   3.5000000e+02
   3.5000000e+02
   3.5000000e+02
   3.5000000e+02
   3.5000000e+02
   3.5000000e+02
   3.5000000e+02
   3.5000000e+02
   3.5000000e+02
   3.5000000e+02
   3.5000000e+02
   3.5000000e+02
   3.5000000e+02
   3.5000000e+02
   3.5000000e+02
   3.5000000e+02
   3.5000000e+02
   3.5000000e+02
   3.5000000e+02
   3.5000000e+02
   4.0000000e+02
   4.0000180e+02
   4.0000720e+02
   4.0001620e+02
   4.0002880e+02
   4.0004500e+02
   4.0006480e+02
   4.0008820e+02
   4.0011520e+02
   4.0014580e+02
   4.0018000e+02
   4.0021780e+02
   4.0025920e+02
   4.0030420e+02
   4.0035280e+02
   4.0040500e+02
   4.0046080e+02
   4.0052020e+02
   4.0058320e+02
   4.0064980e+02
   4.0072000e+02
   4.0079380e+02
   4.0087120e+02
   4.0095220e+02
   4.0103680e+02
   4.0112500e+02
   4.0121680e+02
   4.0131220e+02
   4.0141120e+02
   4.0151380e+02
   4.0162000e+02
   4.0172980e+02
   4.0184320e+02
   4.0196020e+02
   4.0208080e+02
   4.0220500e+02
   4.0233280e+02
   4.0246420e+02
   4.0259920e+02
   4.0273780e+02
   4.0288000e+02
   4.0302580e+02
   4.0317520e+02
   4.0332820e+02
   4.0348480e+02
   4.0364500e+02
   4.0380880e+02
   4.0397620e+02
   4.0414720e+02
   4.0432180e+02
   4.0450000e+02
   4.0468180e+02
   4.0486720e+02
   4.0505620e+02
   4.0524880e+02
   4.0544500e+02
   4.0564480e+02
   4.0584820e+02
   4.0605520e+02
   4.0626580e+02
   4.0648000e+02
   4.0669780e+02
   4.0691920e+02
   4.0714420e+02
   4.0737280e+02
   4.0760500e+02
   4.0784080e+02
   4.0808020e+02
   4.0832320e+02
   4.0856980e+02
   4.0882000e+02
   4.0907380e+02
   4.0933120e+02
   4.0959220e+02
   4.0985680e+02
   4.1012500e+02
   4.1039680e+02
   4.1067220e+02
   4.1095120e+02
   4.1123380e+02
   4.1152000e+02
   4.1180980e+02
   4.1210320e+02
   4.1240020e+02
   4.1270080e+02
   4.1300500e+02
   4.1331280e+02
   4.1362420e+02
   4.1393920e+02
   4.1425780e+02
   4.1458000e+02
   4.1490580e+02
   4.1523520e+02
   4.1556820e+02
   4.1590480e+02
   4.1624500e+02
   4.1658880e+02
   4.1693620e+02
   4.1728720e+02
   4.1764180e+02
   4.1800000e+02
   4.1836180e+02
   4.1872720e+02
   4.1909620e+02
   4.1946880e+02
   4.1984500e+02
   4.2022480e+02
   4.2060820e+02
   4.2099520e+02
   4.2138580e+02
   4.2178000e+02
   4.2217780e+02
   4.2257920e+02
   4.2298420e+02
   4.2339280e+02
   4.2380500e+02
   4.2422080e+02
   4.2464020e+02
   4.2506320e+02
   4.2548980e+02
   4.2592000e+02
   4.2635380e+02
   4.2679120e+02
   4.2723220e+02
   4.2767680e+02
   4.2812500e+02
   4.2857680e+02
   4.2903220e+02
   4.2949120e+02
   4.2995380e+02
   4.3042000e+02
   4.3088980e+02
   4.3136320e+02
   4.3184020e+02
   4.3232080e+02
   4.3280500e+02
   4.3329280e+02
   4.3378420e+02
   4.3427920e+02
   4.3477780e+02
   4.3528000e+02
   4.3578580e+02
   4.3629520e+02
   4.3680820e+02
   4.3732480e+02
   4.3784500e+02
   4.3836880e+02
   4.3889620e+02
   4.3942720e+02
   4.3996180e+02
   4.4050000e+02
   4.4104180e+02
   4.4158720e+02
   4.4213620e+02
   4.4268880e+02
   4.4324500e+02
   4.4380480e+02
   4.4436820e+02
   4.4493520e+02
   4.4550580e+02
   4.4608000e+02
   4.4665780e+02
   4.4723920e+02
   4.4782420e+02
   4.4841280e+02
   4.4900500e+02
   4.4960080e+02
   4.5020020e+02
   4.5080320e+02
   4.5140980e+02
   4.5202000e+02
   4.5263380e+02
   4.5325120e+02
   4.5387220e+02
   4.5449680e+02
   4.5512500e+02
   4.5575680e+02
   4.5639220e+02
   4.5703120e+02
   4.5767380e+02
   4.5832000e+02
   4.5896980e+02
   4.5962320e+02
   4.6028020e+02
   4.6094080e+02
   4.6160500e+02
   4.6227280e+02
   4.6294420e+02
   4.6361920e+02
   4.6429780e+02
   4.6498000e+02
   4.6566580e+02
   4.6635520e+02
   4.6704820e+02
   4.6774480e+02
   4.6844500e+02
   4.6914880e+02
   4.6985620e+02
   4.7056720e+02
   4.7128180e+02
   4.7200000e+02
   4.7272180e+02
   4.7344720e+02
   4.7417620e+02
   4.7490880e+02
   4.7564500e+02
   4.7638480e+02
   4.7712820e+02
   4.7787520e+02
   4.7862580e+02
   4.7938000e+02
   4.8013780e+02
   4.8089920e+02
   4.8166420e+02
   4.8243280e+02
   4.8320500e+02
   4.8398080e+02
   4.8476020e+02
   4.8554320e+02
   4.8632980e+02
   4.8712000e+02
   4.8791380e+02
   4.8871120e+02
   4.8951220e+02
   4.9031680e+02
   4.9112500e+02
   4.9193680e+02
   4.9275220e+02
   4.9357120e+02
   4.9439380e+02
   4.9522000e+02
   4.9604980e+02
   4.9688320e+02
   4.9772020e+02
   4.9856080e+02
   4.9940500e+02
   5.0025280e+02
   5.0110420e+02
   5.0195920e+02
   5.0281780e+02
   5.0368000e+02
   5.0454580e+02
   5.0541520e+02
   5.0628820e+02
   5.0716480e+02
   5.0804500e+02
   5.0892880e+02
   5.0981620e+02
   5.1070720e+02
   5.1160180e+02
   5.1250000e+02
   5.1340180e+02
   5.1430720e+02
   5.1521620e+02
   5.1612880e+02
   5.1704500e+02
   5.1796480e+02
   5.1888820e+02
   5.1981520e+02
   5.2074580e+02
   5.2168000e+02
   5.2261780e+02
   5.2355920e+02
   5.2450420e+02
   5.2545280e+02
   5.2640500e+02
   5.2736080e+02
   5.2832020e+02
   5.2928320e+02
   5.3024980e+02
   5.3122000e+02
   5.3219380e+02
   5.3317120e+02
   5.3415220e+02
   5.3513680e+02
   5.3612500e+02
   5.3711680e+02
   5.3811220e+02
   5.3911120e+02
   5.4011380e+02
   5.4112000e+02
   5.4212980e+02
   5.4314320e+02
   5.4416020e+02
   5.4518080e+02
   5.4620500e+02
   5.4723280e+02
   5.4826420e+02
   5.4929920e+02
   5.5033780e+02
   5.5138000e+02
   5.5242580e+02
   5.5347520e+02
   5.5452820e+02
   5.5558480e+02
   5.5664500e+02
   5.5770880e+02
   5.5877620e+02
   5.5984720e+02
   5.6092180e+02
   5.6200000e+02
   5.6308180e+02
   5.6416720e+02
   5.6525620e+02
   5.6634880e+02
   5.6634880e+02
   5.6744680e+02
   5.6854480e+02
   5.6964280e+02
   5.7074080e+02
   5.7183880e+02
   5.7293680e+02
   5.7403480e+02
   5.7513280e+02
   5.7623080e+02
   5.7732880e+02
   5.7842680e+02
   5.7952480e+02
   5.8062280e+02
   5.8172080e+02
   5.8281880e+02
   5.8391680e+02
   5.8501480e+02
   5.8611280e+02
   5.8721080e+02
   5.8830880e+02
   5.8940680e+02
   5.9050480e+02
   5.9160280e+02
   5.9270080e+02
   5.9379880e+02
   5.9489680e+02
   5.9599480e+02
   5.9709280e+02
   5.9819080e+02
   5.9928880e+02
   6.0038680e+02
   6.0148480e+02
   6.0258280e+02
   6.0368080e+02
   6.0477880e+02
   6.0587680e+02
   6.0697480e+02
   6.0807280e+02
   6.0917080e+02
   6.1026880e+02
   6.1136680e+02
   6.1246480e+02
   6.1356280e+02
   6.1466080e+02
   6.1575880e+02
   6.1685680e+02
   6.1795480e+02
   6.1905280e+02
   6.2015080e+02
   6.2124880e+02
   6.2234680e+02
   6.2344480e+02
   6.2454280e+02
   6.2564080e+02
   6.2673880e+02
   6.2783680e+02
   6.2893480e+02
   6.3003280e+02
   6.3113080e+02
   6.3222880e+02
   6.3332680e+02
   6.3442480e+02
   6.3552280e+02
   6.3662080e+02
   6.3771880e+02
   6.3881680e+02
   6.3991480e+02
   6.4101280e+02
   6.4211080e+02
   6.4320880e+02
   6.4430680e+02
   6.4540480e+02
   6.4650280e+02
   6.4760080e+02
   6.4869880e+02
   6.4979680e+02
   6.5089480e+02
   6.5199280e+02
   6.5309080e+02
   6.5418880e+02
   6.5528680e+02
   6.5638480e+02
   6.5748280e+02
   6.5858080e+02
   6.5967880e+02
   6.6077680e+02
   6.6187480e+02
   6.6297280e+02
   6.6407080e+02
   6.6516880e+02
   6.6626680e+02
   6.6736480e+02
   6.6846280e+02
   6.6956080e+02
   6.7065880e+02
   6.7175680e+02
   6.7285480e+02
   6.7395280e+02
   6.7505080e+02
   6.7614880e+02
   6.7724680e+02
   6.7834480e+02
   6.7944280e+02
   6.8054080e+02
   6.8163880e+02
   6.8273680e+02
   6.8383480e+02
   6.8493280e+02
   6.8603080e+02
   6.8712880e+02
   6.8822680e+02
   6.8932480e+02
   6.9042280e+02
   6.9152080e+02
   6.9261880e+02
   6.9371680e+02
   6.9481480e+02
   6.9591280e+02
   6.9701080e+02
   6.9810880e+02
   6.9920680e+02
   7.0030480e+02
   7.0140280e+02
   7.0250080e+02
   7.0359880e+02
   7.0469680e+02
   7.0579480e+02
   7.0689280e+02
   7.0799080e+02
   7.0908880e+02
   7.1018680e+02
   7.1128480e+02
   7.1238280e+02
   7.1348080e+02
   7.1457880e+02
   7.1567680e+02
   7.1677480e+02
   7.1787280e+02
   7.1897080e+02
   7.2006880e+02
   7.2116680e+02
   7.2226480e+02
   7.2336280e+02
   7.2446080e+02
   7.2555880e+02
   7.2665680e+02
   7.2775480e+02
   7.2885280e+02
   7.2995080e+02
   7.3104880e+02
   7.3214680e+02
   7.3324480e+02
   7.3434280e+02
   7.3544080e+02
   7.3653880e+02
   7.3763680e+02
   7.3873480e+02
   7.3983280e+02
   7.4093080e+02
   7.4202880e+02
   7.4312680e+02
   7.4422480e+02
   7.4532280e+02
   7.4642080e+02
   7.4751880e+02
   7.4861680e+02
   7.4971480e+02
   7.5081280e+02
   7.5191080e+02
   7.5300880e+02
   7.5410680e+02
   7.5520480e+02
   7.5630280e+02
   7.5740080e+02
   7.5849880e+02
   7.5959680e+02
   7.6069480e+02
   7.6179280e+02
   7.6289080e+02
   7.6398880e+02
   7.6508680e+02
   7.6618480e+02
   7.6728280e+02
   7.6838080e+02
   7.6947880e+02
   7.7057680e+02
   7.7167480e+02
   7.7277280e+02
   7.7387080e+02
   7.7496880e+02
   7.7606680e+02
   7.7716480e+02
   7.7826280e+02
   7.7936080e+02
   7.8045880e+02
   7.8155680e+02
   7.8265480e+02
   7.8375280e+02
   7.8485080e+02
   7.8594880e+02
   7.8704680e+02
   7.8814480e+02
   7.8924280e+02
   7.9034080e+02
   7.9143880e+02
   7.9253680e+02
   7.9363480e+02
   7.9473280e+02
   7.9583080e+02
   7.9692880e+02
   7.9802680e+02
   7.9912480e+02
   8.0022280e+02
   8.0132080e+02
   8.0241880e+02
   8.0351680e+02
   8.0461480e+02
   8.0571280e+02
   8.0681080e+02
   8.0790880e+02
   8.0900680e+02
   8.1010480e+02
   8.1120280e+02
   8.1230080e+02
   8.1339880e+02
   8.1449680e+02
   8.1559480e+02
   8.1669280e+02
   8.1779080e+02
   8.1888880e+02
   8.1998680e+02
   8.2108480e+02
   8.2218280e+02
   8.2328080e+02
   8.2437880e+02
   8.2547680e+02
   8.2657480e+02
   8.2767280e+02
   8.2877080e+02
   8.2986880e+02
   8.3096680e+02
   8.3206480e+02
   8.3316280e+02
   8.3426080e+02
   8.3535880e+02
   8.3645680e+02
   8.3755480e+02
   8.3865280e+02
   8.3975080e+02
   8.4084880e+02
   8.4194680e+02
   8.4304480e+02
   8.4414280e+02
   8.4524080e+02
   8.4633880e+02
   8.4743680e+02
   8.4853480e+02
   8.4963280e+02
   8.5073080e+02
   8.5182880e+02
   8.5292680e+02
   8.5402480e+02
   8.5512280e+02
   8.5622080e+02
   8.5731880e+02
   8.5841680e+02
   8.5951480e+02
   8.6061280e+02
   8.6171080e+02
   8.6280880e+02
   8.6390680e+02
   8.6500480e+02
   8.6610280e+02
   8.6720080e+02
   8.6829880e+02
   8.6939680e+02
   8.7049480e+02
   8.7159280e+02
   8.7269080e+02
   8.7378880e+02
   8.7488680e+02
   8.7598480e+02
   8.7708280e+02
   8.7818080e+02
   8.7927880e+02
   8.8037680e+02
   8.8147480e+02
   8.8257280e+02
   8.8367080e+02
   8.8476880e+02
   8.8586680e+02
   8.8696480e+02
   8.8806280e+02
   8.8916080e+02
   8.9025880e+02
   8.9135680e+02
   8.9245480e+02
   8.9355280e+02
   8.9465080e+02
   8.9574880e+02
   8.9684680e+02
   8.9794480e+02
   8.9904280e+02
   9.0014080e+02
   9.0123880e+02
   9.0233680e+02
   9.0343480e+02
   9.0453280e+02
   9.0563080e+02
   9.0672880e+02
   9.0782680e+02
   9.0892480e+02
   9.1002280e+02
   9.1112080e+02
   9.1221880e+02
   9.1331680e+02
   9.1441480e+02
   9.1551280e+02
   9.1661080e+02
   9.1770880e+02
   9.1880680e+02
   9.1990480e+02
   9.2100280e+02
   9.2210080e+02
   9.2319880e+02
   9.2429680e+02
   9.2539480e+02
   9.2649280e+02
   9.2759080e+02
   9.2868880e+02
   9.2978680e+02
   9.3088480e+02
   9.3198280e+02
   9.3308080e+02
   9.3417880e+02
   9.3527680e+02
   9.3637480e+02
   9.3747280e+02
   9.3857080e+02
   9.3966880e+02
   9.4076680e+02
   9.4186480e+02
   9.4296280e+02
   9.4406080e+02
   9.4515880e+02
   9.4625680e+02
   9.4735480e+02
   9.4845280e+02
   9.4955080e+02
   9.5064880e+02
   9.5174680e+02
   9.5284480e+02
   9.5394280e+02
   9.5504080e+02
   9.5613880e+02
   9.5723680e+02
   9.5833480e+02
   9.5943280e+02
   9.6053080e+02
   9.6162880e+02
   9.6272680e+02
   9.6382480e+02
   9.6492280e+02
   9.6602080e+02
   9.6711880e+02
   9.6821680e+02
   9.6931480e+02
   9.7041280e+02
   9.7151080e+02
   9.7260880e+02
   9.7370680e+02
   9.7480480e+02
   9.7590280e+02
   9.7700080e+02
   9.7809880e+02
   9.7919680e+02
   9.8029480e+02
   9.8139280e+02
   9.8249080e+02
   9.8358880e+02
   9.8468680e+02
   9.8578480e+02
   9.8688280e+02
   9.8798080e+02
   9.8907880e+02
   9.9017680e+02
   9.9127480e+02
   9.9237280e+02
   9.9347080e+02
   9.9456880e+02
   9.9566680e+02
   9.9676480e+02
   9.9786280e+02
   9.9896080e+02
   1.0000588e+03
   1.0011568e+03
   1.0022548e+03
   1.0033528e+03
   1.0044508e+03
   1.0055488e+03
   1.0066468e+03
   1.0077448e+03
   1.0088428e+03
   1.0099408e+03
   1.0110388e+03
   1.0121368e+03
   1.0132348e+03
   1.0143328e+03
   1.0154308e+03
   1.0165288e+03
   1.0176268e+03
   1.0187248e+03
   1.0198228e+03
   1.0209208e+03
   1.0220188e+03
   1.0231168e+03
   1.0242148e+03
   1.0253128e+03
   1.0264108e+03
   1.0275088e+03
   1.0286068e+03
   1.0297048e+03
   1.0308028e+03
   1.0319008e+03
   1.0329988e+03
   1.0340968e+03
   1.0351948e+03
   1.0362928e+03
   1.0373908e+03
   1.0384888e+03
   1.0395868e+03
   1.0406848e+03
   1.0417828e+03
   1.0428808e+03
   1.0439788e+03
   1.0450768e+03
   1.0461748e+03
   1.0472728e+03
   1.0483708e+03
   1.0494688e+03
   1.0505668e+03
   1.0516648e+03
   1.0527628e+03
   1.0538608e+03
   1.0549588e+03
   1.0560568e+03
   1.0571548e+03
   1.0582528e+03
   1.0593508e+03
   1.0604488e+03
   1.0615468e+03
   1.0626448e+03
   1.0637428e+03
   1.0648408e+03
   1.0659388e+03
   1.0670368e+03
   1.0681348e+03
   1.0692328e+03
   1.0703308e+03
   1.0714288e+03
   1.0725268e+03
   1.0736248e+03
   1.0747228e+03
   1.0758208e+03
   1.0769188e+03
   1.0780168e+03
   1.0791148e+03
   1.0802128e+03
   1.0813108e+03
   1.0824088e+03
   1.0835068e+03
   1.0846048e+03
   1.0857028e+03
   1.0868008e+03
   1.0878988e+03
   1.0889968e+03
   1.0900948e+03
   1.0911928e+03
   1.0922908e+03
   1.0933888e+03
   1.0944868e+03
   1.0955848e+03
   1.0966828e+03
   1.0977808e+03
   1.0988788e+03
   1.0999768e+03
   1.1010748e+03
   1.1021728e+03
   1.1032708e+03
   1.1032708e+03
   1.1043670e+03
   1.1054595e+03
   1.1065483e+03
   1.1076335e+03
   1.1087150e+03
   1.1097929e+03
   1.1108671e+03
   1.1119377e+03
   1.1130046e+03
   1.1140678e+03
   1.1151274e+03
   1.1161833e+03
   1.1172355e+03
   1.1182841e+03
   1.1193290e+03
   1.1203703e+03
   1.1214079e+03
   1.1224419e+03
   1.1234722e+03
   1.1244988e+03
   1.1255218e+03
   1.1265411e+03
   1.1275567e+03
   1.1285687e+03
   1.1295770e+03
   1.1305817e+03
   1.1315827e+03
   1.1325801e+03
   1.1335738e+03
   1.1345638e+03
   1.1355502e+03
   1.1365329e+03
   1.1375119e+03
   1.1384873e+03
   1.1394590e+03
   1.1404271e+03
   1.1413915e+03
   1.1423523e+03
   1.1433094e+03
   1.1442628e+03
   1.1452126e+03
   1.1461587e+03
   1.1471011e+03
   1.1480399e+03
   1.1489750e+03
   1.1499065e+03
   1.1508343e+03
   1.1517585e+03
   1.1526790e+03
   1.1535958e+03
   1.1545090e+03
   1.1554185e+03
   1.1563243e+03
   1.1572265e+03
   1.1581250e+03
   1.1590199e+03
   1.1599111e+03
   1.1607987e+03
   1.1616826e+03
   1.1625628e+03
   1.1634394e+03
   1.1643123e+03
   1.1651815e+03
   1.1660471e+03
   1.1669090e+03
   1.1677673e+03
   1.1686219e+03
   1.1694729e+03
   1.1703202e+03
   1.1711638e+03
   1.1720038e+03
   1.1728401e+03
   1.1736727e+03
   1.1745017e+03
   1.1753270e+03
   1.1761487e+03
   1.1769667e+03
   1.1777811e+03
   1.1785918e+03
   1.1793988e+03
   1.1802022e+03
   1.1810019e+03
   1.1817979e+03
   1.1825903e+03
   1.1833790e+03
   1.1841641e+03
   1.1849455e+03
   1.1857233e+03
   1.1864974e+03
   1.1872678e+03
   1.1880346e+03
   1.1887977e+03
   1.1895571e+03
   1.1903129e+03
   1.1910650e+03
   1.1918135e+03
   1.1925583e+03
   1.1932995e+03
   1.1940370e+03
   1.1947708e+03
   1.1955010e+03
   1.1962275e+03
   1.1969503e+03
   1.1976695e+03
   1.1983850e+03
   1.1990969e+03
   1.1998051e+03
   1.2005097e+03
   1.2012106e+03
   1.2019078e+03
   1.2026014e+03
   1.2032913e+03
   1.2039775e+03
   1.2046601e+03
   1.2053390e+03
   1.2060143e+03
   1.2066859e+03
   1.2073539e+03
   1.2080182e+03
   1.2086788e+03
   1.2093358e+03
   1.2099891e+03
   1.2106387e+03
   1.2112847e+03
   1.2119270e+03
   1.2125657e+03
   1.2132007e+03
   1.2138321e+03
   1.2144598e+03
   1.2150838e+03
   1.2157042e+03
   1.2163209e+03
   1.2169339e+03
   1.2175433e+03
   1.2181490e+03
   1.2187511e+03
   1.2193495e+03
   1.2199443e+03
   1.2205354e+03
   1.2211228e+03
   1.2217066e+03
   1.2222867e+03
   1.2228631e+03
   1.2234359e+03
   1.2240050e+03
   1.2245705e+03
   1.2251323e+03
   1.2256905e+03
   1.2262450e+03
   1.2267958e+03
   1.2273430e+03
   1.2278865e+03
   1.2284263e+03
   1.2289625e+03
   1.2294950e+03
   1.2300239e+03
   1.2305491e+03
   1.2310707e+03
   1.2315886e+03
   1.2321028e+03
   1.2326134e+03
   1.2331203e+03
   1.2336235e+03
   1.2341231e+03
   1.2346190e+03
   1.2351113e+03
   1.2355999e+03
   1.2360849e+03
   1.2365662e+03
   1.2370438e+03
   1.2375178e+03
   1.2379881e+03
   1.2384547e+03
   1.2389177e+03
   1.2393770e+03
   1.2398327e+03
   1.2402847e+03
   1.2407331e+03
   1.2411778e+03
   1.2416188e+03
   1.2420562e+03
   1.2424899e+03
   1.2429199e+03
   1.2433463e+03
   1.2437690e+03
   1.2441881e+03
   1.2446035e+03
   1.2450153e+03
   1.2454234e+03
   1.2458278e+03
   1.2462286e+03
   1.2466257e+03
   1.2470191e+03
   1.2474089e+03
   1.2477950e+03
   1.2481775e+03
   1.2485563e+03
   1.2489315e+03
   1.2493030e+03
   1.2496708e+03
   1.2500350e+03
   1.2503955e+03
   1.2507523e+03
   1.2511055e+03
   1.2514550e+03
   1.2518009e+03
   1.2521431e+03
   1.2524817e+03
   1.2528166e+03
   1.2531478e+03
   1.2534754e+03
   1.2537993e+03
   1.2541195e+03
   1.2544361e+03
   1.2547490e+03
   1.2550583e+03
   1.2553639e+03
   1.2556659e+03
   1.2559642e+03
   1.2562588e+03
   1.2565498e+03
   1.2568371e+03
   1.2571207e+03
   1.2574007e+03
   1.2576770e+03
   1.2579497e+03
   1.2582187e+03
   1.2584841e+03
   1.2587458e+03
   1.2590038e+03
   1.2592582e+03
   1.2595089e+03
   1.2597559e+03
   1.2599993e+03
   1.2602390e+03
   1.2604751e+03
   1.2607075e+03
   1.2609363e+03
   1.2611614e+03
   1.2613828e+03
   1.2616006e+03
   1.2618147e+03
   1.2620251e+03
   1.2622319e+03
   1.2624350e+03
   1.2626345e+03
   1.2628303e+03
   1.2630225e+03
   1.2632110e+03
   1.2633958e+03
   1.2635770e+03
   1.2637545e+03
   1.2639283e+03
   1.2640985e+03
   1.2642650e+03
   1.2644279e+03
   1.2645871e+03
   1.2647427e+03
   1.2648946e+03
   1.2650428e+03
   1.2651874e+03
   1.2653283e+03
   1.2654655e+03
   1.2655991e+03
   1.2657290e+03
   1.2658553e+03
   1.2659779e+03
   1.2660969e+03
   1.2662122e+03
   1.2663238e+03
   1.2664318e+03
   1.2665361e+03
   1.2666367e+03
   1.2667337e+03
   1.2668270e+03
   1.2669167e+03
   1.2670027e+03
   1.2670851e+03
   1.2671638e+03
   1.2672388e+03
   1.2673102e+03
   1.2673779e+03
   1.2674419e+03
   1.2675023e+03
   1.2675590e+03
   1.2676121e+03
   1.2676615e+03
   1.2677073e+03
   1.2677494e+03
   1.2677878e+03
   1.2678226e+03
   1.2678537e+03
   1.2678811e+03
   1.2679049e+03
   1.2679250e+03
   1.2679415e+03
   1.2679543e+03
   1.2679635e+03
   1.2679690e+03
   1.9444444e+00
   1.9390432e+00
   1.9336420e+00
   1.9282407e+00
   1.9228395e+00
   1.9174383e+00
   1.9120370e+00
   1.9066358e+00
   1.9012346e+00
   1.8958333e+00
   1.8904321e+00
   1.8850309e+00
   1.8796296e+00
   1.8742284e+00
   1.8688272e+00
   1.8634259e+00
   1.8580247e+00
   1.8526235e+00
   1.8472222e+00
   1.8418210e+00
   1.8364198e+00
   1.8310185e+00
   1.8256173e+00
   1.8202160e+00
   1.8148148e+00
   1.8094136e+00
   1.8040123e+00
   1.7986111e+00
   1.7932099e+00
   1.7878086e+00
   1.7824074e+00
   1.7770062e+00
   1.7716049e+00
   1.7662037e+00
   1.7608025e+00
   1.7554012e+00
   1.7500000e+00
   1.7445988e+00
   1.7391975e+00
   1.7337963e+00
   1.7283951e+00
   1.7229938e+00
   1.7175926e+00
   1.7121914e+00
   1.7067901e+00
   1.7013889e+00
   1.6959877e+00
   1.6905864e+00
   1.6851852e+00
   1.6797840e+00
   1.6743827e+00
   1.6689815e+00
   1.6635802e+00
   1.6581790e+00
   1.6527778e+00
   1.6473765e+00
   1.6419753e+00
   1.6365741e+00
   1.6311728e+00
   1.6257716e+00
   1.6203704e+00
   1.6149691e+00
   1.6095679e+00
   1.6041667e+00
   1.5987654e+00
   1.5933642e+00
   1.5879630e+00
   1.5825617e+00
   1.5771605e+00
   1.5717593e+00
   1.5663580e+00
   1.5609568e+00
   1.5555556e+00
   1.5501543e+00
   1.5447531e+00
   1.5393519e+00
   1.5339506e+00
   1.5285494e+00
   1.5231481e+00
   1.5177469e+00
   1.5123457e+00
   1.5069444e+00
   1.5015432e+00
   1.4961420e+00
   1.4907407e+00
   1.4853395e+00
   1.4799383e+00
   1.4745370e+00
   1.4691358e+00
   1.4637346e+00
   1.4583333e+00
   1.4529321e+00
   1.4475309e+00
   1.4421296e+00
   1.4367284e+00
   1.4313272e+00
   1.4259259e+00
   1.4205247e+00
   1.4151235e+00
   1.4097222e+00
   1.4043210e+00
   1.3989198e+00
   1.3935185e+00
   1.3881173e+00
   1.3827160e+00
   1.3773148e+00
   1.3719136e+00
   1.3665123e+00
   1.3611111e+00
   1.3557099e+00
   1.3503086e+00
   1.3449074e+00
   1.3395062e+00
   1.3341049e+00
   1.3287037e+00
   1.3233025e+00
   1.3179012e+00
   1.3125000e+00
   1.3070988e+00
   1.3016975e+00
   1.2962963e+00
   1.2908951e+00
   1.2854938e+00
   1.2800926e+00
   1.2746914e+00
   1.2692901e+00
   1.2638889e+00
   1.2584877e+00
   1.2530864e+00
   1.2476852e+00
   1.2422840e+00
   1.2368827e+00
   1.2314815e+00
   1.2260802e+00
   1.2206790e+00
   1.2152778e+00
   1.2098765e+00
   1.2044753e+00
   1.1990741e+00
   1.1936728e+00
   1.1882716e+00
   1.1828704e+00
   1.1774691e+00
   1.1720679e+00
   1.1666667e+00
   1.1612654e+00
   1.1558642e+00
   1.1504630e+00
   1.1450617e+00
   1.1396605e+00
   1.1342593e+00
   1.1288580e+00
   1.1234568e+00
   1.1180556e+00
   1.1126543e+00
   1.1072531e+00
   1.1018519e+00
   1.0964506e+00
   1.0910494e+00
   1.0856481e+00
   1.0802469e+00
   1.0748457e+00
   1.0694444e+00
   1.0640432e+00
   1.0586420e+00
   1.0532407e+00
   1.0478395e+00
   1.0424383e+00
   1.0370370e+00
   1.0316358e+00
   1.0262346e+00
   1.0208333e+00
   1.0154321e+00
   1.0100309e+00
   1.0046296e+00
   9.9922840e-01
   9.9382716e-01
   9.8842593e-01
   9.8302469e-01
   9.7762346e-01
   9.7222222e-01
   9.6682099e-01
   9.6141975e-01
   9.5601852e-01
   9.5061728e-01
   9.4521605e-01
   9.3981481e-01
   9.3441358e-01
   9.2901235e-01
   9.2361111e-01
   9.1820988e-01
   9.1280864e-01
   9.0740741e-01
   9.0200617e-01
   8.9660494e-01
   8.9120370e-01
   8.8580247e-01
   8.8040123e-01
   8.7500000e-01
   8.6959877e-01
   8.6419753e-01
   8.5879630e-01
   8.5339506e-01
   8.4799383e-01
   8.4259259e-01
   8.3719136e-01
   8.3179012e-01
   8.2638889e-01
   8.2098765e-01
   8.1558642e-01
   8.1018519e-01
   8.0478395e-01
   7.9938272e-01
   7.9398148e-01
   7.8858025e-01
   7.8317901e-01
   7.7777778e-01
   7.7237654e-01
   7.6697531e-01
   7.6157407e-01
   7.5617284e-01
   7.5077160e-01
   7.4537037e-01
   7.3996914e-01
   7.3456790e-01
   7.2916667e-01
   7.2376543e-01
   7.1836420e-01
   7.1296296e-01
   7.0756173e-01
   7.0216049e-01
   6.9675926e-01
   6.9135802e-01
   6.8595679e-01
   6.8055556e-01
   6.7515432e-01
   6.6975309e-01
   6.6435185e-01
   6.5895062e-01
   6.5354938e-01
   6.4814815e-01
   6.4274691e-01
   6.3734568e-01
   6.3194444e-01
   6.2654321e-01
   6.2114198e-01
   6.1574074e-01
   6.1033951e-01
   6.0493827e-01
   5.9953704e-01
   5.9413580e-01
   5.8873457e-01
   5.8333333e-01
   5.7793210e-01
   5.7253086e-01
   5.6712963e-01
   5.6172840e-01
   5.5632716e-01
   5.5092593e-01
   5.4552469e-01
   5.4012346e-01
   5.3472222e-01
   5.2932099e-01
   5.2391975e-01
   5.1851852e-01
   5.1311728e-01
   5.0771605e-01
   5.0231481e-01
   4.9691358e-01
   4.9151235e-01
   4.8611111e-01
   4.8070988e-01
   4.7530864e-01
   4.6990741e-01
   4.6450617e-01
   4.5910494e-01
   4.5370370e-01
   4.4830247e-01
   4.4290123e-01
   4.3750000e-01
   4.3209877e-01
   4.2669753e-01
   4.2129630e-01
   4.1589506e-01
   4.1049383e-01
   4.0509259e-01
   3.9969136e-01
   3.9429012e-01
   3.8888889e-01
   3.8348765e-01
   3.7808642e-01
   3.7268519e-01
   3.6728395e-01
   3.6188272e-01
   3.5648148e-01
   3.5108025e-01
   3.4567901e-01
   3.4027778e-01
   3.3487654e-01
   3.2947531e-01
   3.2407407e-01
   3.1867284e-01
   3.1327160e-01
   3.0787037e-01
   3.0246914e-01
   2.9706790e-01
   2.9166667e-01
   2.8626543e-01
   2.8086420e-01
   2.7546296e-01
   2.7006173e-01
   2.6466049e-01
   2.5925926e-01
   2.5385802e-01
   2.4845679e-01
   2.4305556e-01
   2.3765432e-01
   2.3225309e-01
   2.2685185e-01
   2.2145062e-01
   2.1604938e-01
   2.1064815e-01
   2.0524691e-01
   1.9984568e-01
   1.9444444e-01
   1.8904321e-01
   1.8364198e-01
   1.7824074e-01
   1.7283951e-01
   1.6743827e-01
   1.6203704e-01
   1.5663580e-01
   1.5123457e-01
   1.4583333e-01
   1.4043210e-01
   1.3503086e-01
   1.2962963e-01
   1.2422840e-01
   1.1882716e-01
   1.1342593e-01
   1.0802469e-01
   1.0262346e-01
   9.7222222e-02
   9.1820988e-02
   8.6419753e-02
   8.1018519e-02
   7.5617284e-02
   7.0216049e-02
   6.4814815e-02
   5.9413580e-02
   5.4012346e-02
   4.8611111e-02
   4.3209877e-02
   3.7808642e-02
   3.2407407e-02
   2.7006173e-02
   2.1604938e-02
   1.6203704e-02
   1.0802469e-02
   5.4012346e-03
   0.0000000e+00
   0.0000000e+00
   0.0000000e+00
   0.0000000e+00
   0.0000000e+00
   0.0000000e+00
   0.0000000e+00
   0.0000000e+00
   0.0000000e+00
   0.0000000e+00
   0.0000000e+00
   0.0000000e+00
   0.0000000e+00
   0.0000000e+00
   0.0000000e+00
   0.0000000e+00
   0.0000000e+00
   0.0000000e+00
   0.0000000e+00
   0.0000000e+00
   0.0000000e+00
   0.0000000e+00
   0.0000000e+00
   0.0000000e+00
   0.0000000e+00
   0.0000000e+00
   0.0000000e+00
   0.0000000e+00
   0.0000000e+00
   0.0000000e+00
   0.0000000e+00
   0.0000000e+00
   3.6000000e-03
   7.2000000e-03
   1.0800000e-02
   1.4400000e-02
   1.8000000e-02
   2.1600000e-02
   2.5200000e-02
   2.8800000e-02
   3.2400000e-02
   3.6000000e-02
   3.9600000e-02
   4.3200000e-02
   4.6800000e-02
   5.0400000e-02
   5.4000000e-02
   5.7600000e-02
   6.1200000e-02
   6.4800000e-02
   6.8400000e-02
   7.2000000e-02
   7.5600000e-02
   7.9200000e-02
   8.2800000e-02
   8.6400000e-02
   9.0000000e-02
   9.3600000e-02
   9.7200000e-02
   1.0080000e-01
   1.0440000e-01
   1.0800000e-01
   1.1160000e-01
   1.1520000e-01
   1.1880000e-01
   1.2240000e-01
   1.2600000e-01
   1.2960000e-01
   1.3320000e-01
   1.3680000e-01
   1.4040000e-01
   1.4400000e-01
   1.4760000e-01
   1.5120000e-01
   1.5480000e-01
   1.5840000e-01
   1.6200000e-01
   1.6560000e-01
   1.6920000e-01
   1.7280000e-01
   1.7640000e-01
   1.8000000e-01
   1.8360000e-01
   1.8720000e-01
   1.9080000e-01
   1.9440000e-01
   1.9800000e-01
   2.0160000e-01
   2.0520000e-01
   2.0880000e-01
   2.1240000e-01
   2.1600000e-01
   2.1960000e-01
   2.2320000e-01
   2.2680000e-01
   2.3040000e-01
   2.3400000e-01
   2.3760000e-01
   2.4120000e-01
   2.4480000e-01
   2.4840000e-01
   2.5200000e-01
   2.5560000e-01
   2.5920000e-01
   2.6280000e-01
   2.6640000e-01
   2.7000000e-01
   2.7360000e-01
   2.7720000e-01
   2.8080000e-01
   2.8440000e-01
   2.8800000e-01
   2.9160000e-01
   2.9520000e-01
   2.9880000e-01
   3.0240000e-01
   3.0600000e-01
   3.0960000e-01
   3.1320000e-01
   3.1680000e-01
   3.2040000e-01
   3.2400000e-01
   3.2760000e-01
   3.3120000e-01
   3.3480000e-01
   3.3840000e-01
   3.4200000e-01
   3.4560000e-01
   3.4920000e-01
   3.5280000e-01
   3.5640000e-01
   3.6000000e-01
   3.6360000e-01
   3.6720000e-01
   3.7080000e-01
   3.7440000e-01
   3.7800000e-01
   3.8160000e-01
   3.8520000e-01
   3.8880000e-01
   3.9240000e-01
   3.9600000e-01
   3.9960000e-01
   4.0320000e-01
   4.0680000e-01
   4.1040000e-01
   4.1400000e-01
   4.1760000e-01
   4.2120000e-01
   4.2480000e-01
   4.2840000e-01
   4.3200000e-01
   4.3560000e-01
   4.3920000e-01
   4.4280000e-01
   4.4640000e-01
   4.5000000e-01
   4.5360000e-01
   4.5720000e-01
   4.6080000e-01
   4.6440000e-01
   4.6800000e-01
   4.7160000e-01
   4.7520000e-01
   4.7880000e-01
   4.8240000e-01
   4.8600000e-01
   4.8960000e-01
   4.9320000e-01
   4.9680000e-01
   5.0040000e-01
   5.0400000e-01
   5.0760000e-01
   5.1120000e-01
   5.1480000e-01
   5.1840000e-01
   5.2200000e-01
   5.2560000e-01
   5.2920000e-01
   5.3280000e-01
   5.3640000e-01
   5.4000000e-01
   5.4360000e-01
   5.4720000e-01
   5.5080000e-01
   5.5440000e-01
   5.5800000e-01
   5.6160000e-01
   5.6520000e-01
   5.6880000e-01
   5.7240000e-01
   5.7600000e-01
   5.7960000e-01
   5.8320000e-01
   5.8680000e-01
   5.9040000e-01
   5.9400000e-01
   5.9760000e-01
   6.0120000e-01
   6.0480000e-01
   6.0840000e-01
   6.1200000e-01
   6.1560000e-01
   6.1920000e-01
   6.2280000e-01
   6.2640000e-01
   6.3000000e-01
   6.3360000e-01
   6.3720000e-01
   6.4080000e-01
   6.4440000e-01
   6.4800000e-01
   6.5160000e-01
   6.5520000e-01
   6.5880000e-01
   6.6240000e-01
   6.6600000e-01
   6.6960000e-01
   6.7320000e-01
   6.7680000e-01
   6.8040000e-01
   6.8400000e-01
   6.8760000e-01
   6.9120000e-01
   6.9480000e-01
   6.9840000e-01
   7.0200000e-01
   7.0560000e-01
   7.0920000e-01
   7.1280000e-01
   7.1640000e-01
   7.2000000e-01
   7.2360000e-01
   7.2720000e-01
   7.3080000e-01
   7.3440000e-01
   7.3800000e-01
   7.4160000e-01
   7.4520000e-01
   7.4880000e-01
   7.5240000e-01
   7.5600000e-01
   7.5960000e-01
   7.6320000e-01
   7.6680000e-01
   7.7040000e-01
   7.7400000e-01
   7.7760000e-01
   7.8120000e-01
   7.8480000e-01
   7.8840000e-01
   7.9200000e-01
   7.9560000e-01
   7.9920000e-01
   8.0280000e-01
   8.0640000e-01
   8.1000000e-01
   8.1360000e-01
   8.1720000e-01
   8.2080000e-01
   8.2440000e-01
   8.2800000e-01
   8.3160000e-01
   8.3520000e-01
   8.3880000e-01
   8.4240000e-01
   8.4600000e-01
   8.4960000e-01
   8.5320000e-01
   8.5680000e-01
   8.6040000e-01
   8.6400000e-01
   8.6760000e-01
   8.7120000e-01
   8.7480000e-01
   8.7840000e-01
   8.8200000e-01
   8.8560000e-01
   8.8920000e-01
   8.9280000e-01
   8.9640000e-01
   9.0000000e-01
   9.0360000e-01
   9.0720000e-01
   9.1080000e-01
   9.1440000e-01
   9.1800000e-01
   9.2160000e-01
   9.2520000e-01
   9.2880000e-01
   9.3240000e-01
   9.3600000e-01
   9.3960000e-01
   9.4320000e-01
   9.4680000e-01
   9.5040000e-01
   9.5400000e-01
   9.5760000e-01
   9.6120000e-01
   9.6480000e-01
   9.6840000e-01
   9.7200000e-01
   9.7560000e-01
   9.7920000e-01
   9.8280000e-01
   9.8640000e-01
   9.9000000e-01
   9.9360000e-01
   9.9720000e-01
   1.0008000e+00
   1.0044000e+00
   1.0080000e+00
   1.0116000e+00
   1.0152000e+00
   1.0188000e+00
   1.0224000e+00
   1.0260000e+00
   1.0296000e+00
   1.0332000e+00
   1.0368000e+00
   1.0404000e+00
   1.0440000e+00
   1.0476000e+00
   1.0512000e+00
   1.0548000e+00
   1.0584000e+00
   1.0620000e+00
   1.0656000e+00
   1.0692000e+00
   1.0728000e+00
   1.0764000e+00
   1.0800000e+00
   1.0836000e+00
   1.0872000e+00
   1.0908000e+00
   1.0944000e+00
   1.0980000e+00
   1.0980000e+00
   1.0980000e+00
   1.0980000e+00
   1.0980000e+00
   1.0980000e+00
   1.0980000e+00
   1.0980000e+00
   1.0980000e+00
   1.0980000e+00
   1.0980000e+00
   1.0980000e+00
   1.0980000e+00
   1.0980000e+00
   1.0980000e+00
   1.0980000e+00
   1.0980000e+00
   1.0980000e+00
   1.0980000e+00
   1.0980000e+00
   1.0980000e+00
   1.0980000e+00
   1.0980000e+00
   1.0980000e+00
   1.0980000e+00
   1.0980000e+00
   1.0980000e+00
   1.0980000e+00
   1.0980000e+00
   1.0980000e+00
   1.0980000e+00
   1.0980000e+00
   1.0980000e+00
   1.0980000e+00
   1.0980000e+00
   1.0980000e+00
   1.0980000e+00
   1.0980000e+00
   1.0980000e+00
   1.0980000e+00
   1.0980000e+00
   1.0980000e+00
   1.0980000e+00
   1.0980000e+00
   1.0980000e+00
   1.0980000e+00
   1.0980000e+00
   1.0980000e+00
   1.0980000e+00
   1.0980000e+00
   1.0980000e+00
   1.0980000e+00
   1.0980000e+00
   1.0980000e+00
   1.0980000e+00
   1.0980000e+00
   1.0980000e+00
   1.0980000e+00
   1.0980000e+00
   1.0980000e+00
   1.0980000e+00
   1.0980000e+00
   1.0980000e+00
   1.0980000e+00
   1.0980000e+00
   1.0980000e+00
   1.0980000e+00
   1.0980000e+00
   1.0980000e+00
   1.0980000e+00
   1.0980000e+00
   1.0980000e+00
   1.0980000e+00
   1.0980000e+00
   1.0980000e+00
   1.0980000e+00
   1.0980000e+00
   1.0980000e+00
   1.0980000e+00
   1.0980000e+00
   1.0980000e+00
   1.0980000e+00
   1.0980000e+00
   1.0980000e+00
   1.0980000e+00
   1.0980000e+00
   1.0980000e+00
   1.0980000e+00
   1.0980000e+00
   1.0980000e+00
   1.0980000e+00
   1.0980000e+00
   1.0980000e+00
   1.0980000e+00
   1.0980000e+00
   1.0980000e+00
   1.0980000e+00
   1.0980000e+00
   1.0980000e+00
   1.0980000e+00
   1.0980000e+00
   1.0980000e+00
   1.0980000e+00
   1.0980000e+00
   1.0980000e+00
   1.0980000e+00
   1.0980000e+00
   1.0980000e+00
   1.0980000e+00
   1.0980000e+00
   1.0980000e+00
   1.0980000e+00
   1.0980000e+00
   1.0980000e+00
   1.0980000e+00
   1.0980000e+00
   1.0980000e+00
   1.0980000e+00
   1.0980000e+00
   1.0980000e+00
   1.0980000e+00
   1.0980000e+00
   1.0980000e+00
   1.0980000e+00
   1.0980000e+00
   1.0980000e+00
   1.0980000e+00
   1.0980000e+00
   1.0980000e+00
   1.0980000e+00
   1.0980000e+00
   1.0980000e+00
   1.0980000e+00
   1.0980000e+00
   1.0980000e+00
   1.0980000e+00
   1.0980000e+00
   1.0980000e+00
   1.0980000e+00
   1.0980000e+00
   1.0980000e+00
   1.0980000e+00
   1.0980000e+00
   1.0980000e+00
   1.0980000e+00
   1.0980000e+00
   1.0980000e+00
   1.0980000e+00
   1.0980000e+00
   1.0980000e+00
   1.0980000e+00
   1.0980000e+00
   1.0980000e+00
   1.0980000e+00
   1.0980000e+00
   1.0980000e+00
   1.0980000e+00
   1.0980000e+00
   1.0980000e+00
   1.0980000e+00
   1.0980000e+00
   1.0980000e+00
   1.0980000e+00
   1.0980000e+00
   1.0980000e+00
   1.0980000e+00
   1.0980000e+00
   1.0980000e+00
   1.0980000e+00
   1.0980000e+00
   1.0980000e+00
   1.0980000e+00
   1.0980000e+00
   1.0980000e+00
   1.0980000e+00
   1.0980000e+00
   1.0980000e+00
   1.0980000e+00
   1.0980000e+00
   1.0980000e+00
   1.0980000e+00
   1.0980000e+00
   1.0980000e+00
   1.0980000e+00
   1.0980000e+00
   1.0980000e+00
   1.0980000e+00
   1.0980000e+00
   1.0980000e+00
   1.0980000e+00
   1.0980000e+00
   1.0980000e+00
   1.0980000e+00
   1.0980000e+00
   1.0980000e+00
   1.0980000e+00
   1.0980000e+00
   1.0980000e+00
   1.0980000e+00
   1.0980000e+00
   1.0980000e+00
   1.0980000e+00
   1.0980000e+00
   1.0980000e+00
   1.0980000e+00
   1.0980000e+00
   1.0980000e+00
   1.0980000e+00
   1.0980000e+00
   1.0980000e+00
   1.0980000e+00
   1.0980000e+00
   1.0980000e+00
   1.0980000e+00
   1.0980000e+00
   1.0980000e+00
   1.0980000e+00
   1.0980000e+00
   1.0980000e+00
   1.0980000e+00
   1.0980000e+00
   1.0980000e+00
   1.0980000e+00
   1.0980000e+00
   1.0980000e+00
   1.0980000e+00
   1.0980000e+00
   1.0980000e+00
   1.0980000e+00
   1.0980000e+00
   1.0980000e+00
   1.0980000e+00
   1.0980000e+00
   1.0980000e+00
   1.0980000e+00
   1.0980000e+00
   1.0980000e+00
   1.0980000e+00
   1.0980000e+00
   1.0980000e+00
   1.0980000e+00
   1.0980000e+00
   1.0980000e+00
   1.0980000e+00
   1.0980000e+00
   1.0980000e+00
   1.0980000e+00
   1.0980000e+00
   1.0980000e+00
   1.0980000e+00
   1.0980000e+00
   1.0980000e+00
   1.0980000e+00
   1.0980000e+00
   1.0980000e+00
   1.0980000e+00
   1.0980000e+00
   1.0980000e+00
   1.0980000e+00
   1.0980000e+00
   1.0980000e+00
   1.0980000e+00
   1.0980000e+00
   1.0980000e+00
   1.0980000e+00
   1.0980000e+00
   1.0980000e+00
   1.0980000e+00
   1.0980000e+00
   1.0980000e+00
   1.0980000e+00
   1.0980000e+00
   1.0980000e+00
   1.0980000e+00
   1.0980000e+00
   1.0980000e+00
   1.0980000e+00
   1.0980000e+00
   1.0980000e+00
   1.0980000e+00
   1.0980000e+00
   1.0980000e+00
   1.0980000e+00
   1.0980000e+00
   1.0980000e+00
   1.0980000e+00
   1.0980000e+00
   1.0980000e+00
   1.0980000e+00
   1.0980000e+00
   1.0980000e+00
   1.0980000e+00
   1.0980000e+00
   1.0980000e+00
   1.0980000e+00
   1.0980000e+00
   1.0980000e+00
   1.0980000e+00
   1.0980000e+00
   1.0980000e+00
   1.0980000e+00
   1.0980000e+00
   1.0980000e+00
   1.0980000e+00
   1.0980000e+00
   1.0980000e+00
   1.0980000e+00
   1.0980000e+00
   1.0980000e+00
   1.0980000e+00
   1.0980000e+00
   1.0980000e+00
   1.0980000e+00
   1.0980000e+00
   1.0980000e+00
   1.0980000e+00
   1.0980000e+00
   1.0980000e+00
   1.0980000e+00
   1.0980000e+00
   1.0980000e+00
   1.0980000e+00
   1.0980000e+00
   1.0980000e+00
   1.0980000e+00
   1.0980000e+00
   1.0980000e+00
   1.0980000e+00
   1.0980000e+00
   1.0980000e+00
   1.0980000e+00
   1.0980000e+00
   1.0980000e+00
   1.0980000e+00
   1.0980000e+00
   1.0980000e+00
   1.0980000e+00
   1.0980000e+00
   1.0980000e+00
   1.0980000e+00
   1.0980000e+00
   1.0980000e+00
   1.0980000e+00
   1.0980000e+00
   1.0980000e+00
   1.0980000e+00
   1.0980000e+00
   1.0980000e+00
   1.0980000e+00
   1.0980000e+00
   1.0980000e+00
   1.0980000e+00
   1.0980000e+00
   1.0980000e+00
   1.0980000e+00
   1.0980000e+00
   1.0980000e+00
   1.0980000e+00
   1.0980000e+00
   1.0980000e+00
   1.0980000e+00
   1.0980000e+00
   1.0980000e+00
   1.0980000e+00
   1.0980000e+00
   1.0980000e+00
   1.0980000e+00
   1.0980000e+00
   1.0980000e+00
   1.0980000e+00
   1.0980000e+00
   1.0980000e+00
   1.0980000e+00
   1.0980000e+00
   1.0980000e+00
   1.0980000e+00
   1.0980000e+00
   1.0980000e+00
   1.0980000e+00
   1.0980000e+00
   1.0980000e+00
   1.0980000e+00
   1.0980000e+00
   1.0980000e+00
   1.0980000e+00
   1.0980000e+00
   1.0980000e+00
   1.0980000e+00
   1.0980000e+00
   1.0980000e+00
   1.0980000e+00
   1.0980000e+00
   1.0980000e+00
   1.0980000e+00
   1.0980000e+00
   1.0980000e+00
   1.0980000e+00
   1.0980000e+00
   1.0980000e+00
   1.0980000e+00
   1.0980000e+00
   1.0980000e+00
   1.0980000e+00
   1.0980000e+00
   1.0980000e+00
   1.0980000e+00
   1.0980000e+00
   1.0980000e+00
   1.0980000e+00
   1.0980000e+00
   1.0980000e+00
   1.0980000e+00
   1.0980000e+00
   1.0980000e+00
   1.0980000e+00
   1.0980000e+00
   1.0980000e+00
   1.0980000e+00
   1.0980000e+00
   1.0980000e+00
   1.0980000e+00
   1.0980000e+00
   1.0980000e+00
   1.0980000e+00
   1.0980000e+00
   1.0980000e+00
   1.0980000e+00
   1.0980000e+00
   1.0980000e+00
   1.0980000e+00
   1.0980000e+00
   1.0980000e+00
   1.0980000e+00
   1.0980000e+00
   1.0980000e+00
   1.0980000e+00
   1.0980000e+00
   1.0980000e+00
   1.0980000e+00
   1.0980000e+00
   1.0980000e+00
   1.0980000e+00
   1.0980000e+00
   1.0980000e+00
   1.0980000e+00
   1.0980000e+00
   1.0980000e+00
   1.0980000e+00
   1.0980000e+00
   1.0980000e+00
   1.0980000e+00
   1.0980000e+00
   1.0980000e+00
   1.0980000e+00
   1.0980000e+00
   1.0980000e+00
   1.0980000e+00
   1.0980000e+00
   1.0980000e+00
   1.0980000e+00
   1.0980000e+00
   1.0980000e+00
   1.0980000e+00
   1.0980000e+00
   1.0980000e+00
   1.0980000e+00
   1.0980000e+00
   1.0980000e+00
   1.0980000e+00
   1.0980000e+00
   1.0980000e+00
   1.0980000e+00
   1.0980000e+00
   1.0980000e+00
   1.0980000e+00
   1.0980000e+00
   1.0980000e+00
   1.0980000e+00
   1.0980000e+00
   1.0980000e+00
   1.0980000e+00
   1.0980000e+00
   1.0980000e+00
   1.0980000e+00
   1.0980000e+00
   1.0980000e+00
   1.0980000e+00
   1.0980000e+00
   1.0980000e+00
   1.0980000e+00
   1.0980000e+00
   1.0980000e+00
   1.0943400e+00
   1.0906800e+00
   1.0870200e+00
   1.0833600e+00
   1.0797000e+00
   1.0760400e+00
   1.0723800e+00
   1.0687200e+00
   1.0650600e+00
   1.0614000e+00
   1.0577400e+00
   1.0540800e+00
   1.0504200e+00
   1.0467600e+00
   1.0431000e+00
   1.0394400e+00
   1.0357800e+00
   1.0321200e+00
   1.0284600e+00
   1.0248000e+00
   1.0211400e+00
   1.0174800e+00
   1.0138200e+00
   1.0101600e+00
   1.0065000e+00
   1.0028400e+00
   9.9918000e-01
   9.9552000e-01
   9.9186000e-01
   9.8820000e-01
   9.8454000e-01
   9.8088000e-01
   9.7722000e-01
   9.7356000e-01
   9.6990000e-01
   9.6624000e-01
   9.6258000e-01
   9.5892000e-01
   9.5526000e-01
   9.5160000e-01
   9.4794000e-01
   9.4428000e-01
   9.4062000e-01
   9.3696000e-01
   9.3330000e-01
   9.2964000e-01
   9.2598000e-01
   9.2232000e-01
   9.1866000e-01
   9.1500000e-01
   9.1134000e-01
   9.0768000e-01
   9.0402000e-01
   9.0036000e-01
   8.9670000e-01
   8.9304000e-01
   8.8938000e-01
   8.8572000e-01
   8.8206000e-01
   8.7840000e-01
   8.7474000e-01
   8.7108000e-01
   8.6742000e-01
   8.6376000e-01
   8.6010000e-01
   8.5644000e-01
   8.5278000e-01
   8.4912000e-01
   8.4546000e-01
   8.4180000e-01
   8.3814000e-01
   8.3448000e-01
   8.3082000e-01
   8.2716000e-01
   8.2350000e-01
   8.1984000e-01
   8.1618000e-01
   8.1252000e-01
   8.0886000e-01
   8.0520000e-01
   8.0154000e-01
   7.9788000e-01
   7.9422000e-01
   7.9056000e-01
   7.8690000e-01
   7.8324000e-01
   7.7958000e-01
   7.7592000e-01
   7.7226000e-01
   7.6860000e-01
   7.6494000e-01
   7.6128000e-01
   7.5762000e-01
   7.5396000e-01
   7.5030000e-01
   7.4664000e-01
   7.4298000e-01
   7.3932000e-01
   7.3566000e-01
   7.3200000e-01
   7.2834000e-01
   7.2468000e-01
   7.2102000e-01
   7.1736000e-01
   7.1370000e-01
   7.1004000e-01
   7.0638000e-01
   7.0272000e-01
   6.9906000e-01
   6.9540000e-01
   6.9174000e-01
   6.8808000e-01
   6.8442000e-01
   6.8076000e-01
   6.7710000e-01
   6.7344000e-01
   6.6978000e-01
   6.6612000e-01
   6.6246000e-01
   6.5880000e-01
   6.5514000e-01
   6.5148000e-01
   6.4782000e-01
   6.4416000e-01
   6.4050000e-01
   6.3684000e-01
   6.3318000e-01
   6.2952000e-01
   6.2586000e-01
   6.2220000e-01
   6.1854000e-01
   6.1488000e-01
   6.1122000e-01
   6.0756000e-01
   6.0390000e-01
   6.0024000e-01
   5.9658000e-01
   5.9292000e-01
   5.8926000e-01
   5.8560000e-01
   5.8194000e-01
   5.7828000e-01
   5.7462000e-01
   5.7096000e-01
   5.6730000e-01
   5.6364000e-01
   5.5998000e-01
   5.5632000e-01
   5.5266000e-01
   5.4900000e-01
   5.4534000e-01
   5.4168000e-01
   5.3802000e-01
   5.3436000e-01
   5.3070000e-01
   5.2704000e-01
   5.2338000e-01
   5.1972000e-01
   5.1606000e-01
   5.1240000e-01
   5.0874000e-01
   5.0508000e-01
   5.0142000e-01
   4.9776000e-01
   4.9410000e-01
   4.9044000e-01
   4.8678000e-01
   4.8312000e-01
   4.7946000e-01
   4.7580000e-01
   4.7214000e-01
   4.6848000e-01
   4.6482000e-01
   4.6116000e-01
   4.5750000e-01
   4.5384000e-01
   4.5018000e-01
   4.4652000e-01
   4.4286000e-01
   4.3920000e-01
   4.3554000e-01
   4.3188000e-01
   4.2822000e-01
   4.2456000e-01
   4.2090000e-01
   4.1724000e-01
   4.1358000e-01
   4.0992000e-01
   4.0626000e-01
   4.0260000e-01
   3.9894000e-01
   3.9528000e-01
   3.9162000e-01
   3.8796000e-01
   3.8430000e-01
   3.8064000e-01
   3.7698000e-01
   3.7332000e-01
   3.6966000e-01
   3.6600000e-01
   3.6234000e-01
   3.5868000e-01
   3.5502000e-01
   3.5136000e-01
   3.4770000e-01
   3.4404000e-01
   3.4038000e-01
   3.3672000e-01
   3.3306000e-01
   3.2940000e-01
   3.2574000e-01
   3.2208000e-01
   3.1842000e-01
   3.1476000e-01
   3.1110000e-01
   3.0744000e-01
   3.0378000e-01
   3.0012000e-01
   2.9646000e-01
   2.9280000e-01
   2.8914000e-01
   2.8548000e-01
   2.8182000e-01
   2.7816000e-01
   2.7450000e-01
   2.7084000e-01
   2.6718000e-01
   2.6352000e-01
   2.5986000e-01
   2.5620000e-01
   2.5254000e-01
   2.4888000e-01
   2.4522000e-01
   2.4156000e-01
   2.3790000e-01
   2.3424000e-01
   2.3058000e-01
   2.2692000e-01
   2.2326000e-01
   2.1960000e-01
   2.1594000e-01
   2.1228000e-01
   2.0862000e-01
   2.0496000e-01
   2.0130000e-01
   1.9764000e-01
   1.9398000e-01
   1.9032000e-01
   1.8666000e-01
   1.8300000e-01
   1.7934000e-01
   1.7568000e-01
   1.7202000e-01
   1.6836000e-01
   1.6470000e-01
   1.6104000e-01
   1.5738000e-01
   1.5372000e-01
   1.5006000e-01
   1.4640000e-01
   1.4274000e-01
   1.3908000e-01
   1.3542000e-01
   1.3176000e-01
   1.2810000e-01
   1.2444000e-01
   1.2078000e-01
   1.1712000e-01
   1.1346000e-01
   1.0980000e-01
   1.0614000e-01
   1.0248000e-01
   9.8820000e-02
   9.5160000e-02
   9.1500000e-02
   8.7840000e-02
   8.4180000e-02
   8.0520000e-02
   7.6860000e-02
   7.3200000e-02
   6.9540000e-02
   6.5880000e-02
   6.2220000e-02
   5.8560000e-02
   5.4900000e-02
   5.1240000e-02
   4.7580000e-02
   4.3920000e-02
   4.0260000e-02
   3.6600000e-02
   3.2940000e-02
   2.9280000e-02
   2.5620000e-02
   2.1960000e-02
   1.8300000e-02
   1.4640000e-02
   1.0980000e-02
   7.3200000e-03
