   9.5000000e+02
   3.3000000e+02
   0.0000000e+00
   1.6266118e+00
   3.2471879e+00
   4.8617284e+00
   6.4702332e+00
   8.0727023e+00
   9.6691358e+00
   1.1259534e+01
   1.2843896e+01
   1.4422222e+01
   1.5994513e+01
   1.7560768e+01
   1.9120988e+01
   2.0675171e+01
   2.2223320e+01
   2.3765432e+01
   2.5301509e+01
   2.6831550e+01
   2.8355556e+01
   2.9873525e+01
   3.1385460e+01
   3.2891358e+01
   3.4391221e+01
   3.5885048e+01
   3.7372840e+01
   3.8854595e+01
   4.0330316e+01
   4.1800000e+01
   4.3263649e+01
   4.4721262e+01
   4.6172840e+01
   4.7618381e+01
   4.9057888e+01
   5.0491358e+01
   5.1918793e+01
   5.3340192e+01
   5.4755556e+01
   5.6164883e+01
   5.7568176e+01
   5.8965432e+01
   6.0356653e+01
   6.1741838e+01
   6.3120988e+01
   6.4494102e+01
   6.5861180e+01
   6.7222222e+01
   6.8577229e+01
   6.9926200e+01
   7.1269136e+01
   7.2606036e+01
   7.3936900e+01
   7.5261728e+01
   7.6580521e+01
   7.7893278e+01
   7.9200000e+01
   8.0500686e+01
   8.1795336e+01
   8.3083951e+01
   8.4366529e+01
   8.5643073e+01
   8.6913580e+01
   8.8178052e+01
   8.9436488e+01
   9.0688889e+01
   9.1935254e+01
   9.3175583e+01
   9.4409877e+01
   9.5638134e+01
   9.6860357e+01
   9.8076543e+01
   9.9286694e+01
   1.0049081e+02
   1.0168889e+02
   1.0288093e+02
   1.0406694e+02
   1.0524691e+02
   1.0642085e+02
   1.0758875e+02
   1.0875062e+02
   1.0990645e+02
   1.1105624e+02
   1.1220000e+02
   1.1333772e+02
   1.1446941e+02
   1.1559506e+02
   1.1671468e+02
   1.1782826e+02
   1.1893580e+02
   1.2003731e+02
   1.2113278e+02
   1.2222222e+02
   1.2330562e+02
   1.2438299e+02
   1.2545432e+02
   1.2651962e+02
   1.2757888e+02
   1.2863210e+02
   1.2967929e+02
   1.3072044e+02
   1.3175556e+02
   1.3278464e+02
   1.3380768e+02
   1.3482469e+02
   1.3583567e+02
   1.3684060e+02
   1.3783951e+02
   1.3883237e+02
   1.3981920e+02
   1.4080000e+02
   1.4177476e+02
   1.4274348e+02
   1.4370617e+02
   1.4466283e+02
   1.4561344e+02
   1.4655802e+02
   1.4749657e+02
   1.4842908e+02
   1.4935556e+02
   1.5027599e+02
   1.5119040e+02
   1.5209877e+02
   1.5300110e+02
   1.5389739e+02
   1.5478765e+02
   1.5567188e+02
   1.5655007e+02
   1.5742222e+02
   1.5828834e+02
   1.5914842e+02
   1.6000247e+02
   1.6085048e+02
   1.6169246e+02
   1.6252840e+02
   1.6335830e+02
   1.6418217e+02
   1.6500000e+02
   1.6581180e+02
   1.6661756e+02
   1.6741728e+02
   1.6821097e+02
   1.6899863e+02
   1.6978025e+02
   1.7055583e+02
   1.7132538e+02
   1.7208889e+02
   1.7284636e+02
   1.7359781e+02
   1.7434321e+02
   1.7508258e+02
   1.7581591e+02
   1.7654321e+02
   1.7726447e+02
   1.7797970e+02
   1.7868889e+02
   1.7939204e+02
   1.8008916e+02
   1.8078025e+02
   1.8146529e+02
   1.8214431e+02
   1.8281728e+02
   1.8348422e+02
   1.8414513e+02
   1.8480000e+02
   1.8544883e+02
   1.8609163e+02
   1.8672840e+02
   1.8735912e+02
   1.8798381e+02
   1.8860247e+02
   1.8921509e+02
   1.8982167e+02
   1.9042222e+02
   1.9101674e+02
   1.9160521e+02
   1.9218765e+02
   1.9276406e+02
   1.9333443e+02
   1.9389877e+02
   1.9445706e+02
   1.9500933e+02
   1.9555556e+02
   1.9609575e+02
   1.9662990e+02
   1.9715802e+02
   1.9768011e+02
   1.9819616e+02
   1.9870617e+02
   1.9921015e+02
   1.9970809e+02
   2.0020000e+02
   2.0068587e+02
   2.0116571e+02
   2.0163951e+02
   2.0210727e+02
   2.0256900e+02
   2.0302469e+02
   2.0347435e+02
   2.0391797e+02
   2.0435556e+02
   2.0478711e+02
   2.0521262e+02
   2.0563210e+02
   2.0604554e+02
   2.0645295e+02
   2.0685432e+02
   2.0724966e+02
   2.0763896e+02
   2.0802222e+02
   2.0839945e+02
   2.0877064e+02
   2.0913580e+02
   2.0949492e+02
   2.0984801e+02
   2.1019506e+02
   2.1053608e+02
   2.1087106e+02
   2.1120000e+02
   2.1152291e+02
   2.1183978e+02
   2.1215062e+02
   2.1245542e+02
   2.1275418e+02
   2.1304691e+02
   2.1333361e+02
   2.1361427e+02
   2.1388889e+02
   2.1415748e+02
   2.1442003e+02
   2.1467654e+02
   2.1492702e+02
   2.1517147e+02
   2.1540988e+02
   2.1564225e+02
   2.1586859e+02
   2.1608889e+02
   2.1630316e+02
   2.1651139e+02
   2.1671358e+02
   2.1690974e+02
   2.1709986e+02
   2.1728395e+02
   2.1746200e+02
   2.1763402e+02
   2.1780000e+02
   2.1795995e+02
   2.1811385e+02
   2.1826173e+02
   2.1840357e+02
   2.1853937e+02
   2.1866914e+02
   2.1879287e+02
   2.1891056e+02
   2.1902222e+02
   2.1912785e+02
   2.1922743e+02
   2.1932099e+02
   2.1940850e+02
   2.1948999e+02
   2.1956543e+02
   2.1963484e+02
   2.1969822e+02
   2.1975556e+02
   2.1980686e+02
   2.1985213e+02
   2.1989136e+02
   2.1992455e+02
   2.1995171e+02
   2.1997284e+02
   2.1998793e+02
   2.1999698e+02
   2.2000000e+02
   2.2000000e+02
   2.2000000e+02
   2.2000000e+02
   2.2000000e+02
   2.2000000e+02
   2.2000000e+02
   2.2000000e+02
   2.2000000e+02
   2.2000000e+02
   2.2000000e+02
   2.2000000e+02
   2.2000000e+02
   2.2000000e+02
   2.2000000e+02
   2.2000000e+02
   2.2000000e+02
   2.2000000e+02
   2.2000000e+02
   2.2000000e+02
   2.2000000e+02
   2.2000000e+02
   2.2000000e+02
   2.2000000e+02
   2.2000000e+02
   2.2000000e+02
   2.2000000e+02
   2.2000000e+02
   2.2000000e+02
   2.2000000e+02
   2.2000000e+02
   2.2000000e+02
   2.2000000e+02
   2.2000000e+02
   2.2000000e+02
   2.2000000e+02
   2.2000000e+02
   2.2000000e+02
   2.2000000e+02
   2.2000000e+02
   2.2000000e+02
   2.2000000e+02
   2.2000000e+02
   2.2000000e+02
   2.2000000e+02
   2.2000000e+02
   2.2000000e+02
   2.2000000e+02
   2.2000000e+02
   2.2000000e+02
   2.2000000e+02
   2.2000000e+02
   2.2000000e+02
   2.2000000e+02
   2.2000000e+02
   2.2000000e+02
   2.2000000e+02
   2.2000000e+02
   2.2000000e+02
   2.2000000e+02
   2.2000000e+02
   2.6000000e+02
   2.6000150e+02
   2.6000600e+02
   2.6001350e+02
   2.6002400e+02
   2.6003750e+02
   2.6005400e+02
   2.6007350e+02
   2.6009600e+02
   2.6012150e+02
   2.6015000e+02
   2.6018150e+02
   2.6021600e+02
   2.6025350e+02
   2.6029400e+02
   2.6033750e+02
   2.6038400e+02
   2.6043350e+02
   2.6048600e+02
   2.6054150e+02
   2.6060000e+02
   2.6066150e+02
   2.6072600e+02
   2.6079350e+02
   2.6086400e+02
   2.6093750e+02
   2.6101400e+02
   2.6109350e+02
   2.6117600e+02
   2.6126150e+02
   2.6135000e+02
   2.6144150e+02
   2.6153600e+02
   2.6163350e+02
   2.6173400e+02
   2.6183750e+02
   2.6194400e+02
   2.6205350e+02
   2.6216600e+02
   2.6228150e+02
   2.6240000e+02
   2.6252150e+02
   2.6264600e+02
   2.6277350e+02
   2.6290400e+02
   2.6303750e+02
   2.6317400e+02
   2.6331350e+02
   2.6345600e+02
   2.6360150e+02
   2.6375000e+02
   2.6390150e+02
   2.6405600e+02
   2.6421350e+02
   2.6437400e+02
   2.6453750e+02
   2.6470400e+02
   2.6487350e+02
   2.6504600e+02
   2.6522150e+02
   2.6540000e+02
   2.6558150e+02
   2.6576600e+02
   2.6595350e+02
   2.6614400e+02
   2.6633750e+02
   2.6653400e+02
   2.6673350e+02
   2.6693600e+02
   2.6714150e+02
   2.6735000e+02
   2.6756150e+02
   2.6777600e+02
   2.6799350e+02
   2.6821400e+02
   2.6843750e+02
   2.6866400e+02
   2.6889350e+02
   2.6912600e+02
   2.6936150e+02
   2.6960000e+02
   2.6984150e+02
   2.7008600e+02
   2.7033350e+02
   2.7058400e+02
   2.7083750e+02
   2.7109400e+02
   2.7135350e+02
   2.7161600e+02
   2.7188150e+02
   2.7215000e+02
   2.7242150e+02
   2.7269600e+02
   2.7297350e+02
   2.7325400e+02
   2.7353750e+02
   2.7382400e+02
   2.7411350e+02
   2.7440600e+02
   2.7470150e+02
   2.7500000e+02
   2.7530150e+02
   2.7560600e+02
   2.7591350e+02
   2.7622400e+02
   2.7653750e+02
   2.7685400e+02
   2.7717350e+02
   2.7749600e+02
   2.7782150e+02
   2.7815000e+02
   2.7848150e+02
   2.7881600e+02
   2.7915350e+02
   2.7949400e+02
   2.7983750e+02
   2.8018400e+02
   2.8053350e+02
   2.8088600e+02
   2.8124150e+02
   2.8160000e+02
   2.8196150e+02
   2.8232600e+02
   2.8269350e+02
   2.8306400e+02
   2.8343750e+02
   2.8381400e+02
   2.8419350e+02
   2.8457600e+02
   2.8496150e+02
   2.8535000e+02
   2.8574150e+02
   2.8613600e+02
   2.8653350e+02
   2.8693400e+02
   2.8733750e+02
   2.8774400e+02
   2.8815350e+02
   2.8856600e+02
   2.8898150e+02
   2.8940000e+02
   2.8982150e+02
   2.9024600e+02
   2.9067350e+02
   2.9110400e+02
   2.9153750e+02
   2.9197400e+02
   2.9241350e+02
   2.9285600e+02
   2.9330150e+02
   2.9375000e+02
   2.9420150e+02
   2.9465600e+02
   2.9511350e+02
   2.9557400e+02
   2.9603750e+02
   2.9650400e+02
   2.9697350e+02
   2.9744600e+02
   2.9792150e+02
   2.9840000e+02
   2.9888150e+02
   2.9936600e+02
   2.9985350e+02
   3.0034400e+02
   3.0083750e+02
   3.0133400e+02
   3.0183350e+02
   3.0233600e+02
   3.0284150e+02
   3.0335000e+02
   3.0386150e+02
   3.0437600e+02
   3.0489350e+02
   3.0541400e+02
   3.0593750e+02
   3.0646400e+02
   3.0699350e+02
   3.0752600e+02
   3.0806150e+02
   3.0860000e+02
   3.0914150e+02
   3.0968600e+02
   3.1023350e+02
   3.1078400e+02
   3.1133750e+02
   3.1189400e+02
   3.1245350e+02
   3.1301600e+02
   3.1358150e+02
   3.1415000e+02
   3.1472150e+02
   3.1529600e+02
   3.1587350e+02
   3.1645400e+02
   3.1703750e+02
   3.1762400e+02
   3.1821350e+02
   3.1880600e+02
   3.1940150e+02
   3.2000000e+02
   3.2060150e+02
   3.2120600e+02
   3.2181350e+02
   3.2242400e+02
   3.2303750e+02
   3.2365400e+02
   3.2427350e+02
   3.2489600e+02
   3.2552150e+02
   3.2615000e+02
   3.2678150e+02
   3.2741600e+02
   3.2805350e+02
   3.2869400e+02
   3.2933750e+02
   3.2998400e+02
   3.3063350e+02
   3.3128600e+02
   3.3194150e+02
   3.3260000e+02
   3.3326150e+02
   3.3392600e+02
   3.3459350e+02
   3.3526400e+02
   3.3593750e+02
   3.3661400e+02
   3.3729350e+02
   3.3797600e+02
   3.3866150e+02
   3.3935000e+02
   3.4004150e+02
   3.4073600e+02
   3.4143350e+02
   3.4213400e+02
   3.4283750e+02
   3.4354400e+02
   3.4425350e+02
   3.4496600e+02
   3.4568150e+02
   3.4568150e+02
   3.4640150e+02
   3.4712150e+02
   3.4784150e+02
   3.4856150e+02
   3.4928150e+02
   3.5000150e+02
   3.5072150e+02
   3.5144150e+02
   3.5216150e+02
   3.5288150e+02
   3.5360150e+02
   3.5432150e+02
   3.5504150e+02
   3.5576150e+02
   3.5648150e+02
   3.5720150e+02
   3.5792150e+02
   3.5864150e+02
   3.5936150e+02
   3.6008150e+02
   3.6080150e+02
   3.6152150e+02
   3.6224150e+02
   3.6296150e+02
   3.6368150e+02
   3.6440150e+02
   3.6512150e+02
   3.6584150e+02
   3.6656150e+02
   3.6728150e+02
   3.6800150e+02
   3.6872150e+02
   3.6944150e+02
   3.7016150e+02
   3.7088150e+02
   3.7160150e+02
   3.7232150e+02
   3.7304150e+02
   3.7376150e+02
   3.7448150e+02
   3.7520150e+02
   3.7592150e+02
   3.7664150e+02
   3.7736150e+02
   3.7808150e+02
   3.7880150e+02
   3.7952150e+02
   3.8024150e+02
   3.8096150e+02
   3.8168150e+02
   3.8240150e+02
   3.8312150e+02
   3.8384150e+02
   3.8456150e+02
   3.8528150e+02
   3.8600150e+02
   3.8672150e+02
   3.8744150e+02
   3.8816150e+02
   3.8888150e+02
   3.8960150e+02
   3.9032150e+02
   3.9104150e+02
   3.9176150e+02
   3.9248150e+02
   3.9320150e+02
   3.9392150e+02
   3.9464150e+02
   3.9536150e+02
   3.9608150e+02
   3.9680150e+02
   3.9752150e+02
   3.9824150e+02
   3.9896150e+02
   3.9968150e+02
   4.0040150e+02
   4.0112150e+02
   4.0184150e+02
   4.0256150e+02
   4.0328150e+02
   4.0400150e+02
   4.0472150e+02
   4.0544150e+02
   4.0616150e+02
   4.0688150e+02
   4.0760150e+02
   4.0832150e+02
   4.0904150e+02
   4.0976150e+02
   4.1048150e+02
   4.1120150e+02
   4.1192150e+02
   4.1264150e+02
   4.1336150e+02
   4.1408150e+02
   4.1480150e+02
   4.1552150e+02
   4.1624150e+02
   4.1696150e+02
   4.1768150e+02
   4.1840150e+02
   4.1912150e+02
   4.1984150e+02
   4.2056150e+02
   4.2128150e+02
   4.2200150e+02
   4.2272150e+02
   4.2344150e+02
   4.2416150e+02
   4.2488150e+02
   4.2560150e+02
   4.2632150e+02
   4.2704150e+02
   4.2776150e+02
   4.2848150e+02
   4.2920150e+02
   4.2992150e+02
   4.3064150e+02
   4.3136150e+02
   4.3208150e+02
   4.3280150e+02
   4.3352150e+02
   4.3424150e+02
   4.3496150e+02
   4.3568150e+02
   4.3640150e+02
   4.3712150e+02
   4.3784150e+02
   4.3856150e+02
   4.3928150e+02
   4.4000150e+02
   4.4072150e+02
   4.4144150e+02
   4.4216150e+02
   4.4288150e+02
   4.4360150e+02
   4.4432150e+02
   4.4504150e+02
   4.4576150e+02
   4.4648150e+02
   4.4720150e+02
   4.4792150e+02
   4.4864150e+02
   4.4936150e+02
   4.5008150e+02
   4.5080150e+02
   4.5152150e+02
   4.5224150e+02
   4.5296150e+02
   4.5368150e+02
   4.5440150e+02
   4.5512150e+02
   4.5584150e+02
   4.5656150e+02
   4.5728150e+02
   4.5800150e+02
   4.5872150e+02
   4.5944150e+02
   4.6016150e+02
   4.6088150e+02
   4.6160150e+02
   4.6232150e+02
   4.6304150e+02
   4.6376150e+02
   4.6448150e+02
   4.6520150e+02
   4.6592150e+02
   4.6664150e+02
   4.6736150e+02
   4.6808150e+02
   4.6880150e+02
   4.6952150e+02
   4.7024150e+02
   4.7096150e+02
   4.7168150e+02
   4.7240150e+02
   4.7312150e+02
   4.7384150e+02
   4.7456150e+02
   4.7528150e+02
   4.7600150e+02
   4.7672150e+02
   4.7744150e+02
   4.7816150e+02
   4.7888150e+02
   4.7960150e+02
   4.8032150e+02
   4.8104150e+02
   4.8176150e+02
   4.8248150e+02
   4.8320150e+02
   4.8392150e+02
   4.8464150e+02
   4.8536150e+02
   4.8608150e+02
   4.8680150e+02
   4.8752150e+02
   4.8824150e+02
   4.8896150e+02
   4.8968150e+02
   4.9040150e+02
   4.9112150e+02
   4.9184150e+02
   4.9256150e+02
   4.9328150e+02
   4.9400150e+02
   4.9472150e+02
   4.9544150e+02
   4.9616150e+02
   4.9688150e+02
   4.9760150e+02
   4.9832150e+02
   4.9904150e+02
   4.9976150e+02
   5.0048150e+02
   5.0120150e+02
   5.0192150e+02
   5.0264150e+02
   5.0336150e+02
   5.0408150e+02
   5.0480150e+02
   5.0552150e+02
   5.0624150e+02
   5.0696150e+02
   5.0768150e+02
   5.0840150e+02
   5.0912150e+02
   5.0984150e+02
   5.1056150e+02
   5.1128150e+02
   5.1200150e+02
   5.1272150e+02
   5.1344150e+02
   5.1416150e+02
   5.1488150e+02
   5.1560150e+02
   5.1632150e+02
   5.1704150e+02
   5.1776150e+02
   5.1848150e+02
   5.1920150e+02
   5.1992150e+02
   5.2064150e+02
   5.2136150e+02
   5.2208150e+02
   5.2280150e+02
   5.2352150e+02
   5.2424150e+02
   5.2496150e+02
   5.2568150e+02
   5.2640150e+02
   5.2712150e+02
   5.2784150e+02
   5.2856150e+02
   5.2928150e+02
   5.3000150e+02
   5.3072150e+02
   5.3144150e+02
   5.3216150e+02
   5.3288150e+02
   5.3360150e+02
   5.3432150e+02
   5.3504150e+02
   5.3576150e+02
   5.3648150e+02
   5.3720150e+02
   5.3792150e+02
   5.3864150e+02
   5.3936150e+02
   5.4008150e+02
   5.4080150e+02
   5.4152150e+02
   5.4224150e+02
   5.4296150e+02
   5.4368150e+02
   5.4440150e+02
   5.4512150e+02
   5.4584150e+02
   5.4656150e+02
   5.4728150e+02
   5.4800150e+02
   5.4872150e+02
   5.4944150e+02
   5.5016150e+02
   5.5088150e+02
   5.5160150e+02
   5.5232150e+02
   5.5304150e+02
   5.5376150e+02
   5.5448150e+02
   5.5520150e+02
   5.5592150e+02
   5.5664150e+02
   5.5736150e+02
   5.5808150e+02
   5.5880150e+02
   5.5952150e+02
   5.6024150e+02
   5.6096150e+02
   5.6168150e+02
   5.6240150e+02
   5.6312150e+02
   5.6384150e+02
   5.6456150e+02
   5.6528150e+02
   5.6600150e+02
   5.6672150e+02
   5.6744150e+02
   5.6816150e+02
   5.6888150e+02
   5.6960150e+02
   5.7032150e+02
   5.7104150e+02
   5.7176150e+02
   5.7248150e+02
   5.7320150e+02
   5.7392150e+02
   5.7464150e+02
   5.7536150e+02
   5.7608150e+02
   5.7680150e+02
   5.7752150e+02
   5.7824150e+02
   5.7896150e+02
   5.7968150e+02
   5.8040150e+02
   5.8112150e+02
   5.8184150e+02
   5.8256150e+02
   5.8328150e+02
   5.8400150e+02
   5.8472150e+02
   5.8544150e+02
   5.8616150e+02
   5.8688150e+02
   5.8760150e+02
   5.8832150e+02
   5.8904150e+02
   5.8976150e+02
   5.9048150e+02
   5.9120150e+02
   5.9192150e+02
   5.9264150e+02
   5.9336150e+02
   5.9408150e+02
   5.9480150e+02
   5.9552150e+02
   5.9624150e+02
   5.9696150e+02
   5.9768150e+02
   5.9840150e+02
   5.9912150e+02
   5.9984150e+02
   6.0056150e+02
   6.0128150e+02
   6.0200150e+02
   6.0272150e+02
   6.0344150e+02
   6.0416150e+02
   6.0488150e+02
   6.0560150e+02
   6.0632150e+02
   6.0704150e+02
   6.0776150e+02
   6.0848150e+02
   6.0920150e+02
   6.0992150e+02
   6.1064150e+02
   6.1136150e+02
   6.1208150e+02
   6.1280150e+02
   6.1352150e+02
   6.1424150e+02
   6.1496150e+02
   6.1568150e+02
   6.1640150e+02
   6.1712150e+02
   6.1784150e+02
   6.1856150e+02
   6.1856150e+02
   6.1927970e+02
   6.1999430e+02
   6.2070530e+02
   6.2141270e+02
   6.2211650e+02
   6.2281670e+02
   6.2351330e+02
   6.2420630e+02
   6.2489570e+02
   6.2558150e+02
   6.2626370e+02
   6.2694230e+02
   6.2761730e+02
   6.2828870e+02
   6.2895650e+02
   6.2962070e+02
   6.3028130e+02
   6.3093830e+02
   6.3159170e+02
   6.3224150e+02
   6.3288770e+02
   6.3353030e+02
   6.3416930e+02
   6.3480470e+02
   6.3543650e+02
   6.3606470e+02
   6.3668930e+02
   6.3731030e+02
   6.3792770e+02
   6.3854150e+02
   6.3915170e+02
   6.3975830e+02
   6.4036130e+02
   6.4096070e+02
   6.4155650e+02
   6.4214870e+02
   6.4273730e+02
   6.4332230e+02
   6.4390370e+02
   6.4448150e+02
   6.4505570e+02
   6.4562630e+02
   6.4619330e+02
   6.4675670e+02
   6.4731650e+02
   6.4787270e+02
   6.4842530e+02
   6.4897430e+02
   6.4951970e+02
   6.5006150e+02
   6.5059970e+02
   6.5113430e+02
   6.5166530e+02
   6.5219270e+02
   6.5271650e+02
   6.5323670e+02
   6.5375330e+02
   6.5426630e+02
   6.5477570e+02
   6.5528150e+02
   6.5578370e+02
   6.5628230e+02
   6.5677730e+02
   6.5726870e+02
   6.5775650e+02
   6.5824070e+02
   6.5872130e+02
   6.5919830e+02
   6.5967170e+02
   6.6014150e+02
   6.6060770e+02
   6.6107030e+02
   6.6152930e+02
   6.6198470e+02
   6.6243650e+02
   6.6288470e+02
   6.6332930e+02
   6.6377030e+02
   6.6420770e+02
   6.6464150e+02
   6.6507170e+02
   6.6549830e+02
   6.6592130e+02
   6.6634070e+02
   6.6675650e+02
   6.6716870e+02
   6.6757730e+02
   6.6798230e+02
   6.6838370e+02
   6.6878150e+02
   6.6917570e+02
   6.6956630e+02
   6.6995330e+02
   6.7033670e+02
   6.7071650e+02
   6.7109270e+02
   6.7146530e+02
   6.7183430e+02
   6.7219970e+02
   6.7256150e+02
   6.7291970e+02
   6.7327430e+02
   6.7362530e+02
   6.7397270e+02
   6.7431650e+02
   6.7465670e+02
   6.7499330e+02
   6.7532630e+02
   6.7565570e+02
   6.7598150e+02
   6.7630370e+02
   6.7662230e+02
   6.7693730e+02
   6.7724870e+02
   6.7755650e+02
   6.7786070e+02
   6.7816130e+02
   6.7845830e+02
   6.7875170e+02
   6.7904150e+02
   6.7932770e+02
   6.7961030e+02
   6.7988930e+02
   6.8016470e+02
   6.8043650e+02
   6.8070470e+02
   6.8096930e+02
   6.8123030e+02
   6.8148770e+02
   6.8174150e+02
   6.8199170e+02
   6.8223830e+02
   6.8248130e+02
   6.8272070e+02
   6.8295650e+02
   6.8318870e+02
   6.8341730e+02
   6.8364230e+02
   6.8386370e+02
   6.8408150e+02
   6.8429570e+02
   6.8450630e+02
   6.8471330e+02
   6.8491670e+02
   6.8511650e+02
   6.8531270e+02
   6.8550530e+02
   6.8569430e+02
   6.8587970e+02
   6.8606150e+02
   6.8623970e+02
   6.8641430e+02
   6.8658530e+02
   6.8675270e+02
   6.8691650e+02
   6.8707670e+02
   6.8723330e+02
   6.8738630e+02
   6.8753570e+02
   6.8768150e+02
   6.8782370e+02
   6.8796230e+02
   6.8809730e+02
   6.8822870e+02
   6.8835650e+02
   6.8848070e+02
   6.8860130e+02
   6.8871830e+02
   6.8883170e+02
   6.8894150e+02
   6.8904770e+02
   6.8915030e+02
   6.8924930e+02
   6.8934470e+02
   6.8943650e+02
   6.8952470e+02
   6.8960930e+02
   6.8969030e+02
   6.8976770e+02
   6.8984150e+02
   6.8991170e+02
   6.8997830e+02
   6.9004130e+02
   6.9010070e+02
   6.9015650e+02
   6.9020870e+02
   6.9025730e+02
   6.9030230e+02
   6.9034370e+02
   6.9038150e+02
   6.9041570e+02
   6.9044630e+02
   6.9047330e+02
   6.9049670e+02
   6.9051650e+02
   6.9053270e+02
   6.9054530e+02
   6.9055430e+02
   6.9055970e+02
   1.6296296e+00
   1.6235940e+00
   1.6175583e+00
   1.6115226e+00
   1.6054870e+00
   1.5994513e+00
   1.5934156e+00
   1.5873800e+00
   1.5813443e+00
   1.5753086e+00
   1.5692730e+00
   1.5632373e+00
   1.5572016e+00
   1.5511660e+00
   1.5451303e+00
   1.5390947e+00
   1.5330590e+00
   1.5270233e+00
   1.5209877e+00
   1.5149520e+00
   1.5089163e+00
   1.5028807e+00
   1.4968450e+00
   1.4908093e+00
   1.4847737e+00
   1.4787380e+00
   1.4727023e+00
   1.4666667e+00
   1.4606310e+00
   1.4545953e+00
   1.4485597e+00
   1.4425240e+00
   1.4364883e+00
   1.4304527e+00
   1.4244170e+00
   1.4183813e+00
   1.4123457e+00
   1.4063100e+00
   1.4002743e+00
   1.3942387e+00
   1.3882030e+00
   1.3821674e+00
   1.3761317e+00
   1.3700960e+00
   1.3640604e+00
   1.3580247e+00
   1.3519890e+00
   1.3459534e+00
   1.3399177e+00
   1.3338820e+00
   1.3278464e+00
   1.3218107e+00
   1.3157750e+00
   1.3097394e+00
   1.3037037e+00
   1.2976680e+00
   1.2916324e+00
   1.2855967e+00
   1.2795610e+00
   1.2735254e+00
   1.2674897e+00
   1.2614540e+00
   1.2554184e+00
   1.2493827e+00
   1.2433471e+00
   1.2373114e+00
   1.2312757e+00
   1.2252401e+00
   1.2192044e+00
   1.2131687e+00
   1.2071331e+00
   1.2010974e+00
   1.1950617e+00
   1.1890261e+00
   1.1829904e+00
   1.1769547e+00
   1.1709191e+00
   1.1648834e+00
   1.1588477e+00
   1.1528121e+00
   1.1467764e+00
   1.1407407e+00
   1.1347051e+00
   1.1286694e+00
   1.1226337e+00
   1.1165981e+00
   1.1105624e+00
   1.1045267e+00
   1.0984911e+00
   1.0924554e+00
   1.0864198e+00
   1.0803841e+00
   1.0743484e+00
   1.0683128e+00
   1.0622771e+00
   1.0562414e+00
   1.0502058e+00
   1.0441701e+00
   1.0381344e+00
   1.0320988e+00
   1.0260631e+00
   1.0200274e+00
   1.0139918e+00
   1.0079561e+00
   1.0019204e+00
   9.9588477e-01
   9.8984911e-01
   9.8381344e-01
   9.7777778e-01
   9.7174211e-01
   9.6570645e-01
   9.5967078e-01
   9.5363512e-01
   9.4759945e-01
   9.4156379e-01
   9.3552812e-01
   9.2949246e-01
   9.2345679e-01
   9.1742112e-01
   9.1138546e-01
   9.0534979e-01
   8.9931413e-01
   8.9327846e-01
   8.8724280e-01
   8.8120713e-01
   8.7517147e-01
   8.6913580e-01
   8.6310014e-01
   8.5706447e-01
   8.5102881e-01
   8.4499314e-01
   8.3895748e-01
   8.3292181e-01
   8.2688615e-01
   8.2085048e-01
   8.1481481e-01
   8.0877915e-01
   8.0274348e-01
   7.9670782e-01
   7.9067215e-01
   7.8463649e-01
   7.7860082e-01
   7.7256516e-01
   7.6652949e-01
   7.6049383e-01
   7.5445816e-01
   7.4842250e-01
   7.4238683e-01
   7.3635117e-01
   7.3031550e-01
   7.2427984e-01
   7.1824417e-01
   7.1220850e-01
   7.0617284e-01
   7.0013717e-01
   6.9410151e-01
   6.8806584e-01
   6.8203018e-01
   6.7599451e-01
   6.6995885e-01
   6.6392318e-01
   6.5788752e-01
   6.5185185e-01
   6.4581619e-01
   6.3978052e-01
   6.3374486e-01
   6.2770919e-01
   6.2167353e-01
   6.1563786e-01
   6.0960219e-01
   6.0356653e-01
   5.9753086e-01
   5.9149520e-01
   5.8545953e-01
   5.7942387e-01
   5.7338820e-01
   5.6735254e-01
   5.6131687e-01
   5.5528121e-01
   5.4924554e-01
   5.4320988e-01
   5.3717421e-01
   5.3113855e-01
   5.2510288e-01
   5.1906722e-01
   5.1303155e-01
   5.0699588e-01
   5.0096022e-01
   4.9492455e-01
   4.8888889e-01
   4.8285322e-01
   4.7681756e-01
   4.7078189e-01
   4.6474623e-01
   4.5871056e-01
   4.5267490e-01
   4.4663923e-01
   4.4060357e-01
   4.3456790e-01
   4.2853224e-01
   4.2249657e-01
   4.1646091e-01
   4.1042524e-01
   4.0438957e-01
   3.9835391e-01
   3.9231824e-01
   3.8628258e-01
   3.8024691e-01
   3.7421125e-01
   3.6817558e-01
   3.6213992e-01
   3.5610425e-01
   3.5006859e-01
   3.4403292e-01
   3.3799726e-01
   3.3196159e-01
   3.2592593e-01
   3.1989026e-01
   3.1385460e-01
   3.0781893e-01
   3.0178326e-01
   2.9574760e-01
   2.8971193e-01
   2.8367627e-01
   2.7764060e-01
   2.7160494e-01
   2.6556927e-01
   2.5953361e-01
   2.5349794e-01
   2.4746228e-01
   2.4142661e-01
   2.3539095e-01
   2.2935528e-01
   2.2331962e-01
   2.1728395e-01
   2.1124829e-01
   2.0521262e-01
   1.9917695e-01
   1.9314129e-01
   1.8710562e-01
   1.8106996e-01
   1.7503429e-01
   1.6899863e-01
   1.6296296e-01
   1.5692730e-01
   1.5089163e-01
   1.4485597e-01
   1.3882030e-01
   1.3278464e-01
   1.2674897e-01
   1.2071331e-01
   1.1467764e-01
   1.0864198e-01
   1.0260631e-01
   9.6570645e-02
   9.0534979e-02
   8.4499314e-02
   7.8463649e-02
   7.2427984e-02
   6.6392318e-02
   6.0356653e-02
   5.4320988e-02
   4.8285322e-02
   4.2249657e-02
   3.6213992e-02
   3.0178326e-02
   2.4142661e-02
   1.8106996e-02
   1.2071331e-02
   6.0356653e-03
   0.0000000e+00
   0.0000000e+00
   0.0000000e+00
   0.0000000e+00
   0.0000000e+00
   0.0000000e+00
   0.0000000e+00
   0.0000000e+00
   0.0000000e+00
   0.0000000e+00
   0.0000000e+00
   0.0000000e+00
   0.0000000e+00
   0.0000000e+00
   0.0000000e+00
   0.0000000e+00
   0.0000000e+00
   0.0000000e+00
   0.0000000e+00
   0.0000000e+00
   0.0000000e+00
   0.0000000e+00
   0.0000000e+00
   0.0000000e+00
   0.0000000e+00
   0.0000000e+00
   0.0000000e+00
   0.0000000e+00
   0.0000000e+00
   0.0000000e+00
   0.0000000e+00
   0.0000000e+00
   0.0000000e+00
   0.0000000e+00
   0.0000000e+00
   0.0000000e+00
   0.0000000e+00
   0.0000000e+00
   0.0000000e+00
   0.0000000e+00
   0.0000000e+00
   0.0000000e+00
   0.0000000e+00
   0.0000000e+00
   0.0000000e+00
   0.0000000e+00
   0.0000000e+00
   0.0000000e+00
   0.0000000e+00
   0.0000000e+00
   0.0000000e+00
   0.0000000e+00
   0.0000000e+00
   0.0000000e+00
   0.0000000e+00
   0.0000000e+00
   0.0000000e+00
   0.0000000e+00
   0.0000000e+00
   0.0000000e+00
   0.0000000e+00
   0.0000000e+00
   3.0000000e-03
   6.0000000e-03
   9.0000000e-03
   1.2000000e-02
   1.5000000e-02
   1.8000000e-02
   2.1000000e-02
   2.4000000e-02
   2.7000000e-02
   3.0000000e-02
   3.3000000e-02
   3.6000000e-02
   3.9000000e-02
   4.2000000e-02
   4.5000000e-02
   4.8000000e-02
   5.1000000e-02
   5.4000000e-02
   5.7000000e-02
   6.0000000e-02
   6.3000000e-02
   6.6000000e-02
   6.9000000e-02
   7.2000000e-02
   7.5000000e-02
   7.8000000e-02
   8.1000000e-02
   8.4000000e-02
   8.7000000e-02
   9.0000000e-02
   9.3000000e-02
   9.6000000e-02
   9.9000000e-02
   1.0200000e-01
   1.0500000e-01
   1.0800000e-01
   1.1100000e-01
   1.1400000e-01
   1.1700000e-01
   1.2000000e-01
   1.2300000e-01
   1.2600000e-01
   1.2900000e-01
   1.3200000e-01
   1.3500000e-01
   1.3800000e-01
   1.4100000e-01
   1.4400000e-01
   1.4700000e-01
   1.5000000e-01
   1.5300000e-01
   1.5600000e-01
   1.5900000e-01
   1.6200000e-01
   1.6500000e-01
   1.6800000e-01
   1.7100000e-01
   1.7400000e-01
   1.7700000e-01
   1.8000000e-01
   1.8300000e-01
   1.8600000e-01
   1.8900000e-01
   1.9200000e-01
   1.9500000e-01
   1.9800000e-01
   2.0100000e-01
   2.0400000e-01
   2.0700000e-01
   2.1000000e-01
   2.1300000e-01
   2.1600000e-01
   2.1900000e-01
   2.2200000e-01
   2.2500000e-01
   2.2800000e-01
   2.3100000e-01
   2.3400000e-01
   2.3700000e-01
   2.4000000e-01
   2.4300000e-01
   2.4600000e-01
   2.4900000e-01
   2.5200000e-01
   2.5500000e-01
   2.5800000e-01
   2.6100000e-01
   2.6400000e-01
   2.6700000e-01
   2.7000000e-01
   2.7300000e-01
   2.7600000e-01
   2.7900000e-01
   2.8200000e-01
   2.8500000e-01
   2.8800000e-01
   2.9100000e-01
   2.9400000e-01
   2.9700000e-01
   3.0000000e-01
   3.0300000e-01
   3.0600000e-01
   3.0900000e-01
   3.1200000e-01
   3.1500000e-01
   3.1800000e-01
   3.2100000e-01
   3.2400000e-01
   3.2700000e-01
   3.3000000e-01
   3.3300000e-01
   3.3600000e-01
   3.3900000e-01
   3.4200000e-01
   3.4500000e-01
   3.4800000e-01
   3.5100000e-01
   3.5400000e-01
   3.5700000e-01
   3.6000000e-01
   3.6300000e-01
   3.6600000e-01
   3.6900000e-01
   3.7200000e-01
   3.7500000e-01
   3.7800000e-01
   3.8100000e-01
   3.8400000e-01
   3.8700000e-01
   3.9000000e-01
   3.9300000e-01
   3.9600000e-01
   3.9900000e-01
   4.0200000e-01
   4.0500000e-01
   4.0800000e-01
   4.1100000e-01
   4.1400000e-01
   4.1700000e-01
   4.2000000e-01
   4.2300000e-01
   4.2600000e-01
   4.2900000e-01
   4.3200000e-01
   4.3500000e-01
   4.3800000e-01
   4.4100000e-01
   4.4400000e-01
   4.4700000e-01
   4.5000000e-01
   4.5300000e-01
   4.5600000e-01
   4.5900000e-01
   4.6200000e-01
   4.6500000e-01
   4.6800000e-01
   4.7100000e-01
   4.7400000e-01
   4.7700000e-01
   4.8000000e-01
   4.8300000e-01
   4.8600000e-01
   4.8900000e-01
   4.9200000e-01
   4.9500000e-01
   4.9800000e-01
   5.0100000e-01
   5.0400000e-01
   5.0700000e-01
   5.1000000e-01
   5.1300000e-01
   5.1600000e-01
   5.1900000e-01
   5.2200000e-01
   5.2500000e-01
   5.2800000e-01
   5.3100000e-01
   5.3400000e-01
   5.3700000e-01
   5.4000000e-01
   5.4300000e-01
   5.4600000e-01
   5.4900000e-01
   5.5200000e-01
   5.5500000e-01
   5.5800000e-01
   5.6100000e-01
   5.6400000e-01
   5.6700000e-01
   5.7000000e-01
   5.7300000e-01
   5.7600000e-01
   5.7900000e-01
   5.8200000e-01
   5.8500000e-01
   5.8800000e-01
   5.9100000e-01
   5.9400000e-01
   5.9700000e-01
   6.0000000e-01
   6.0300000e-01
   6.0600000e-01
   6.0900000e-01
   6.1200000e-01
   6.1500000e-01
   6.1800000e-01
   6.2100000e-01
   6.2400000e-01
   6.2700000e-01
   6.3000000e-01
   6.3300000e-01
   6.3600000e-01
   6.3900000e-01
   6.4200000e-01
   6.4500000e-01
   6.4800000e-01
   6.5100000e-01
   6.5400000e-01
   6.5700000e-01
   6.6000000e-01
   6.6300000e-01
   6.6600000e-01
   6.6900000e-01
   6.7200000e-01
   6.7500000e-01
   6.7800000e-01
   6.8100000e-01
   6.8400000e-01
   6.8700000e-01
   6.9000000e-01
   6.9300000e-01
   6.9600000e-01
   6.9900000e-01
   7.0200000e-01
   7.0500000e-01
   7.0800000e-01
   7.1100000e-01
   7.1400000e-01
   7.1700000e-01
   7.2000000e-01
   7.2000000e-01
   7.2000000e-01
   7.2000000e-01
   7.2000000e-01
   7.2000000e-01
   7.2000000e-01
   7.2000000e-01
   7.2000000e-01
   7.2000000e-01
   7.2000000e-01
   7.2000000e-01
   7.2000000e-01
   7.2000000e-01
   7.2000000e-01
   7.2000000e-01
   7.2000000e-01
   7.2000000e-01
   7.2000000e-01
   7.2000000e-01
   7.2000000e-01
   7.2000000e-01
   7.2000000e-01
   7.2000000e-01
   7.2000000e-01
   7.2000000e-01
   7.2000000e-01
   7.2000000e-01
   7.2000000e-01
   7.2000000e-01
   7.2000000e-01
   7.2000000e-01
   7.2000000e-01
   7.2000000e-01
   7.2000000e-01
   7.2000000e-01
   7.2000000e-01
   7.2000000e-01
   7.2000000e-01
   7.2000000e-01
   7.2000000e-01
   7.2000000e-01
   7.2000000e-01
   7.2000000e-01
   7.2000000e-01
   7.2000000e-01
   7.2000000e-01
   7.2000000e-01
   7.2000000e-01
   7.2000000e-01
   7.2000000e-01
   7.2000000e-01
   7.2000000e-01
   7.2000000e-01
   7.2000000e-01
   7.2000000e-01
   7.2000000e-01
   7.2000000e-01
   7.2000000e-01
   7.2000000e-01
   7.2000000e-01
   7.2000000e-01
   7.2000000e-01
   7.2000000e-01
   7.2000000e-01
   7.2000000e-01
   7.2000000e-01
   7.2000000e-01
   7.2000000e-01
   7.2000000e-01
   7.2000000e-01
   7.2000000e-01
   7.2000000e-01
   7.2000000e-01
   7.2000000e-01
   7.2000000e-01
   7.2000000e-01
   7.2000000e-01
   7.2000000e-01
   7.2000000e-01
   7.2000000e-01
   7.2000000e-01
   7.2000000e-01
   7.2000000e-01
   7.2000000e-01
   7.2000000e-01
   7.2000000e-01
   7.2000000e-01
   7.2000000e-01
   7.2000000e-01
   7.2000000e-01
   7.2000000e-01
   7.2000000e-01
   7.2000000e-01
   7.2000000e-01
   7.2000000e-01
   7.2000000e-01
   7.2000000e-01
   7.2000000e-01
   7.2000000e-01
   7.2000000e-01
   7.2000000e-01
   7.2000000e-01
   7.2000000e-01
   7.2000000e-01
   7.2000000e-01
   7.2000000e-01
   7.2000000e-01
   7.2000000e-01
   7.2000000e-01
   7.2000000e-01
   7.2000000e-01
   7.2000000e-01
   7.2000000e-01
   7.2000000e-01
   7.2000000e-01
   7.2000000e-01
   7.2000000e-01
   7.2000000e-01
   7.2000000e-01
   7.2000000e-01
   7.2000000e-01
   7.2000000e-01
   7.2000000e-01
   7.2000000e-01
   7.2000000e-01
   7.2000000e-01
   7.2000000e-01
   7.2000000e-01
   7.2000000e-01
   7.2000000e-01
   7.2000000e-01
   7.2000000e-01
   7.2000000e-01
   7.2000000e-01
   7.2000000e-01
   7.2000000e-01
   7.2000000e-01
   7.2000000e-01
   7.2000000e-01
   7.2000000e-01
   7.2000000e-01
   7.2000000e-01
   7.2000000e-01
   7.2000000e-01
   7.2000000e-01
   7.2000000e-01
   7.2000000e-01
   7.2000000e-01
   7.2000000e-01
   7.2000000e-01
   7.2000000e-01
   7.2000000e-01
   7.2000000e-01
   7.2000000e-01
   7.2000000e-01
   7.2000000e-01
   7.2000000e-01
   7.2000000e-01
   7.2000000e-01
   7.2000000e-01
   7.2000000e-01
   7.2000000e-01
   7.2000000e-01
   7.2000000e-01
   7.2000000e-01
   7.2000000e-01
   7.2000000e-01
   7.2000000e-01
   7.2000000e-01
   7.2000000e-01
   7.2000000e-01
   7.2000000e-01
   7.2000000e-01
   7.2000000e-01
   7.2000000e-01
   7.2000000e-01
   7.2000000e-01
   7.2000000e-01
   7.2000000e-01
   7.2000000e-01
   7.2000000e-01
   7.2000000e-01
   7.2000000e-01
   7.2000000e-01
   7.2000000e-01
   7.2000000e-01
   7.2000000e-01
   7.2000000e-01
   7.2000000e-01
   7.2000000e-01
   7.2000000e-01
   7.2000000e-01
   7.2000000e-01
   7.2000000e-01
   7.2000000e-01
   7.2000000e-01
   7.2000000e-01
   7.2000000e-01
   7.2000000e-01
   7.2000000e-01
   7.2000000e-01
   7.2000000e-01
   7.2000000e-01
   7.2000000e-01
   7.2000000e-01
   7.2000000e-01
   7.2000000e-01
   7.2000000e-01
   7.2000000e-01
   7.2000000e-01
   7.2000000e-01
   7.2000000e-01
   7.2000000e-01
   7.2000000e-01
   7.2000000e-01
   7.2000000e-01
   7.2000000e-01
   7.2000000e-01
   7.2000000e-01
   7.2000000e-01
   7.2000000e-01
   7.2000000e-01
   7.2000000e-01
   7.2000000e-01
   7.2000000e-01
   7.2000000e-01
   7.2000000e-01
   7.2000000e-01
   7.2000000e-01
   7.2000000e-01
   7.2000000e-01
   7.2000000e-01
   7.2000000e-01
   7.2000000e-01
   7.2000000e-01
   7.2000000e-01
   7.2000000e-01
   7.2000000e-01
   7.2000000e-01
   7.2000000e-01
   7.2000000e-01
   7.2000000e-01
   7.2000000e-01
   7.2000000e-01
   7.2000000e-01
   7.2000000e-01
   7.2000000e-01
   7.2000000e-01
   7.2000000e-01
   7.2000000e-01
   7.2000000e-01
   7.2000000e-01
   7.2000000e-01
   7.2000000e-01
   7.2000000e-01
   7.2000000e-01
   7.2000000e-01
   7.2000000e-01
   7.2000000e-01
   7.2000000e-01
   7.2000000e-01
   7.2000000e-01
   7.2000000e-01
   7.2000000e-01
   7.2000000e-01
   7.2000000e-01
   7.2000000e-01
   7.2000000e-01
   7.2000000e-01
   7.2000000e-01
   7.2000000e-01
   7.2000000e-01
   7.2000000e-01
   7.2000000e-01
   7.2000000e-01
   7.2000000e-01
   7.2000000e-01
   7.2000000e-01
   7.2000000e-01
   7.2000000e-01
   7.2000000e-01
   7.2000000e-01
   7.2000000e-01
   7.2000000e-01
   7.2000000e-01
   7.2000000e-01
   7.2000000e-01
   7.2000000e-01
   7.2000000e-01
   7.2000000e-01
   7.2000000e-01
   7.2000000e-01
   7.2000000e-01
   7.2000000e-01
   7.2000000e-01
   7.2000000e-01
   7.2000000e-01
   7.2000000e-01
   7.2000000e-01
   7.2000000e-01
   7.2000000e-01
   7.2000000e-01
   7.2000000e-01
   7.2000000e-01
   7.2000000e-01
   7.2000000e-01
   7.2000000e-01
   7.2000000e-01
   7.2000000e-01
   7.2000000e-01
   7.2000000e-01
   7.2000000e-01
   7.2000000e-01
   7.2000000e-01
   7.2000000e-01
   7.2000000e-01
   7.2000000e-01
   7.2000000e-01
   7.2000000e-01
   7.2000000e-01
   7.2000000e-01
   7.2000000e-01
   7.2000000e-01
   7.2000000e-01
   7.2000000e-01
   7.2000000e-01
   7.2000000e-01
   7.2000000e-01
   7.2000000e-01
   7.2000000e-01
   7.2000000e-01
   7.2000000e-01
   7.2000000e-01
   7.2000000e-01
   7.2000000e-01
   7.2000000e-01
   7.2000000e-01
   7.2000000e-01
   7.2000000e-01
   7.2000000e-01
   7.2000000e-01
   7.2000000e-01
   7.2000000e-01
   7.2000000e-01
   7.2000000e-01
   7.2000000e-01
   7.2000000e-01
   7.2000000e-01
   7.2000000e-01
   7.2000000e-01
   7.2000000e-01
   7.2000000e-01
   7.2000000e-01
   7.2000000e-01
   7.2000000e-01
   7.2000000e-01
   7.2000000e-01
   7.2000000e-01
   7.2000000e-01
   7.2000000e-01
   7.2000000e-01
   7.2000000e-01
   7.2000000e-01
   7.2000000e-01
   7.2000000e-01
   7.2000000e-01
   7.2000000e-01
   7.2000000e-01
   7.2000000e-01
   7.2000000e-01
   7.2000000e-01
   7.2000000e-01
   7.2000000e-01
   7.2000000e-01
   7.2000000e-01
   7.2000000e-01
   7.2000000e-01
   7.2000000e-01
   7.2000000e-01
   7.2000000e-01
   7.2000000e-01
   7.1640000e-01
   7.1280000e-01
   7.0920000e-01
   7.0560000e-01
   7.0200000e-01
   6.9840000e-01
   6.9480000e-01
   6.9120000e-01
   6.8760000e-01
   6.8400000e-01
   6.8040000e-01
   6.7680000e-01
   6.7320000e-01
   6.6960000e-01
   6.6600000e-01
   6.6240000e-01
   6.5880000e-01
   6.5520000e-01
   6.5160000e-01
   6.4800000e-01
   6.4440000e-01
   6.4080000e-01
   6.3720000e-01
   6.3360000e-01
   6.3000000e-01
   6.2640000e-01
   6.2280000e-01
   6.1920000e-01
   6.1560000e-01
   6.1200000e-01
   6.0840000e-01
   6.0480000e-01
   6.0120000e-01
   5.9760000e-01
   5.9400000e-01
   5.9040000e-01
   5.8680000e-01
   5.8320000e-01
   5.7960000e-01
   5.7600000e-01
   5.7240000e-01
   5.6880000e-01
   5.6520000e-01
   5.6160000e-01
   5.5800000e-01
   5.5440000e-01
   5.5080000e-01
   5.4720000e-01
   5.4360000e-01
   5.4000000e-01
   5.3640000e-01
   5.3280000e-01
   5.2920000e-01
   5.2560000e-01
   5.2200000e-01
   5.1840000e-01
   5.1480000e-01
   5.1120000e-01
   5.0760000e-01
   5.0400000e-01
   5.0040000e-01
   4.9680000e-01
   4.9320000e-01
   4.8960000e-01
   4.8600000e-01
   4.8240000e-01
   4.7880000e-01
   4.7520000e-01
   4.7160000e-01
   4.6800000e-01
   4.6440000e-01
   4.6080000e-01
   4.5720000e-01
   4.5360000e-01
   4.5000000e-01
   4.4640000e-01
   4.4280000e-01
   4.3920000e-01
   4.3560000e-01
   4.3200000e-01
   4.2840000e-01
   4.2480000e-01
   4.2120000e-01
   4.1760000e-01
   4.1400000e-01
   4.1040000e-01
   4.0680000e-01
   4.0320000e-01
   3.9960000e-01
   3.9600000e-01
   3.9240000e-01
   3.8880000e-01
   3.8520000e-01
   3.8160000e-01
   3.7800000e-01
   3.7440000e-01
   3.7080000e-01
   3.6720000e-01
   3.6360000e-01
   3.6000000e-01
   3.5640000e-01
   3.5280000e-01
   3.4920000e-01
   3.4560000e-01
   3.4200000e-01
   3.3840000e-01
   3.3480000e-01
   3.3120000e-01
   3.2760000e-01
   3.2400000e-01
   3.2040000e-01
   3.1680000e-01
   3.1320000e-01
   3.0960000e-01
   3.0600000e-01
   3.0240000e-01
   2.9880000e-01
   2.9520000e-01
   2.9160000e-01
   2.8800000e-01
   2.8440000e-01
   2.8080000e-01
   2.7720000e-01
   2.7360000e-01
   2.7000000e-01
   2.6640000e-01
   2.6280000e-01
   2.5920000e-01
   2.5560000e-01
   2.5200000e-01
   2.4840000e-01
   2.4480000e-01
   2.4120000e-01
   2.3760000e-01
   2.3400000e-01
   2.3040000e-01
   2.2680000e-01
   2.2320000e-01
   2.1960000e-01
   2.1600000e-01
   2.1240000e-01
   2.0880000e-01
   2.0520000e-01
   2.0160000e-01
   1.9800000e-01
   1.9440000e-01
   1.9080000e-01
   1.8720000e-01
   1.8360000e-01
   1.8000000e-01
   1.7640000e-01
   1.7280000e-01
   1.6920000e-01
   1.6560000e-01
   1.6200000e-01
   1.5840000e-01
   1.5480000e-01
   1.5120000e-01
   1.4760000e-01
   1.4400000e-01
   1.4040000e-01
   1.3680000e-01
   1.3320000e-01
   1.2960000e-01
   1.2600000e-01
   1.2240000e-01
   1.1880000e-01
   1.1520000e-01
   1.1160000e-01
   1.0800000e-01
   1.0440000e-01
   1.0080000e-01
   9.7200000e-02
   9.3600000e-02
   9.0000000e-02
   8.6400000e-02
   8.2800000e-02
   7.9200000e-02
   7.5600000e-02
   7.2000000e-02
   6.8400000e-02
   6.4800000e-02
   6.1200000e-02
   5.7600000e-02
   5.4000000e-02
   5.0400000e-02
   4.6800000e-02
   4.3200000e-02
   3.9600000e-02
   3.6000000e-02
   3.2400000e-02
   2.8800000e-02
   2.5200000e-02
   2.1600000e-02
   1.8000000e-02
   1.4400000e-02
   1.0800000e-02
   7.2000000e-03
