   7.6000000e+02
   3.0000000e+02
   0.0000000e+00
   1.3882798e+00
   2.7705104e+00
   4.1466919e+00
   5.5168242e+00
   6.8809074e+00
   8.2389414e+00
   9.5909263e+00
   1.0936862e+01
   1.2276749e+01
   1.3610586e+01
   1.4938374e+01
   1.6260113e+01
   1.7575803e+01
   1.8885444e+01
   2.0189036e+01
   2.1486578e+01
   2.2778072e+01
   2.4063516e+01
   2.5342911e+01
   2.6616257e+01
   2.7883554e+01
   2.9144802e+01
   3.0400000e+01
   3.1649149e+01
   3.2892250e+01
   3.4129301e+01
   3.5360302e+01
   3.6585255e+01
   3.7804159e+01
   3.9017013e+01
   4.0223819e+01
   4.1424575e+01
   4.2619282e+01
   4.3807940e+01
   4.4990548e+01
   4.6167108e+01
   4.7337618e+01
   4.8502079e+01
   4.9660491e+01
   5.0812854e+01
   5.1959168e+01
   5.3099433e+01
   5.4233648e+01
   5.5361815e+01
   5.6483932e+01
   5.7600000e+01
   5.8710019e+01
   5.9813989e+01
   6.0911909e+01
   6.2003781e+01
   6.3089603e+01
   6.4169376e+01
   6.5243100e+01
   6.6310775e+01
   6.7372401e+01
   6.8427977e+01
   6.9477505e+01
   7.0520983e+01
   7.1558412e+01
   7.2589792e+01
   7.3615123e+01
   7.4634405e+01
   7.5647637e+01
   7.6654820e+01
   7.7655955e+01
   7.8651040e+01
   7.9640076e+01
   8.0623062e+01
   8.1600000e+01
   8.2570888e+01
   8.3535728e+01
   8.4494518e+01
   8.5447259e+01
   8.6393951e+01
   8.7334594e+01
   8.8269187e+01
   8.9197732e+01
   9.0120227e+01
   9.1036673e+01
   9.1947070e+01
   9.2851418e+01
   9.3749716e+01
   9.4641966e+01
   9.5528166e+01
   9.6408318e+01
   9.7282420e+01
   9.8150473e+01
   9.9012476e+01
   9.9868431e+01
   1.0071834e+02
   1.0156219e+02
   1.0240000e+02
   1.0323176e+02
   1.0405747e+02
   1.0487713e+02
   1.0569074e+02
   1.0649830e+02
   1.0729981e+02
   1.0809527e+02
   1.0888469e+02
   1.0966805e+02
   1.1044537e+02
   1.1121664e+02
   1.1198185e+02
   1.1274102e+02
   1.1349414e+02
   1.1424121e+02
   1.1498223e+02
   1.1571720e+02
   1.1644612e+02
   1.1716900e+02
   1.1788582e+02
   1.1859660e+02
   1.1930132e+02
   1.2000000e+02
   1.2069263e+02
   1.2137921e+02
   1.2205974e+02
   1.2273422e+02
   1.2340265e+02
   1.2406503e+02
   1.2472136e+02
   1.2537164e+02
   1.2601588e+02
   1.2665406e+02
   1.2728620e+02
   1.2791229e+02
   1.2853233e+02
   1.2914631e+02
   1.2975425e+02
   1.3035614e+02
   1.3095198e+02
   1.3154178e+02
   1.3212552e+02
   1.3270321e+02
   1.3327486e+02
   1.3384045e+02
   1.3440000e+02
   1.3495350e+02
   1.3550095e+02
   1.3604234e+02
   1.3657769e+02
   1.3710699e+02
   1.3763025e+02
   1.3814745e+02
   1.3865860e+02
   1.3916371e+02
   1.3966276e+02
   1.4015577e+02
   1.4064272e+02
   1.4112363e+02
   1.4159849e+02
   1.4206730e+02
   1.4253006e+02
   1.4298677e+02
   1.4343743e+02
   1.4388204e+02
   1.4432060e+02
   1.4475312e+02
   1.4517958e+02
   1.4560000e+02
   1.4601437e+02
   1.4642268e+02
   1.4682495e+02
   1.4722117e+02
   1.4761134e+02
   1.4799546e+02
   1.4837353e+02
   1.4874556e+02
   1.4911153e+02
   1.4947146e+02
   1.4982533e+02
   1.5017316e+02
   1.5051493e+02
   1.5085066e+02
   1.5118034e+02
   1.5150397e+02
   1.5182155e+02
   1.5213308e+02
   1.5243856e+02
   1.5273800e+02
   1.5303138e+02
   1.5331871e+02
   1.5360000e+02
   1.5387524e+02
   1.5414442e+02
   1.5440756e+02
   1.5466465e+02
   1.5491569e+02
   1.5516068e+02
   1.5539962e+02
   1.5563251e+02
   1.5585936e+02
   1.5608015e+02
   1.5629490e+02
   1.5650359e+02
   1.5670624e+02
   1.5690284e+02
   1.5709338e+02
   1.5727788e+02
   1.5745633e+02
   1.5762873e+02
   1.5779509e+02
   1.5795539e+02
   1.5810964e+02
   1.5825784e+02
   1.5840000e+02
   1.5853611e+02
   1.5866616e+02
   1.5879017e+02
   1.5890813e+02
   1.5902004e+02
   1.5912590e+02
   1.5922571e+02
   1.5931947e+02
   1.5940718e+02
   1.5948885e+02
   1.5956446e+02
   1.5963403e+02
   1.5969754e+02
   1.5975501e+02
   1.5980643e+02
   1.5985180e+02
   1.5989112e+02
   1.5992439e+02
   1.5995161e+02
   1.5997278e+02
   1.5998790e+02
   1.5999698e+02
   1.6000000e+02
   1.6000000e+02
   1.6000000e+02
   1.6000000e+02
   1.6000000e+02
   1.6000000e+02
   1.6000000e+02
   1.6000000e+02
   1.6000000e+02
   1.6000000e+02
   1.6000000e+02
   1.6000000e+02
   1.6000000e+02
   1.6000000e+02
   1.6000000e+02
   1.6000000e+02
   1.6000000e+02
   1.6000000e+02
   1.6000000e+02
   1.6000000e+02
   1.6000000e+02
   1.6000000e+02
   1.6000000e+02
   1.6000000e+02
   1.6000000e+02
   1.6000000e+02
   1.6000000e+02
   1.6000000e+02
   1.6000000e+02
   1.6000000e+02
   1.6000000e+02
   1.6000000e+02
   1.6000000e+02
   1.6000000e+02
   1.6000000e+02
   1.6000000e+02
   1.6000000e+02
   1.6000000e+02
   1.6000000e+02
   1.6000000e+02
   1.6000000e+02
   1.6000000e+02
   1.6000000e+02
   1.6000000e+02
   1.6000000e+02
   1.6000000e+02
   1.6000000e+02
   1.6000000e+02
   1.6000000e+02
   1.6000000e+02
   1.6000000e+02
   1.6000000e+02
   1.6000000e+02
   1.6000000e+02
   1.6000000e+02
   1.6000000e+02
   1.6000000e+02
   1.6000000e+02
   1.6000000e+02
   1.6000000e+02
   1.6000000e+02
   1.6000000e+02
   1.6000000e+02
   1.6000000e+02
   1.6000000e+02
   1.6000000e+02
   1.6000000e+02
   1.6000000e+02
   1.6000000e+02
   1.6000000e+02
   1.6000000e+02
   1.7500000e+02
   1.7500110e+02
   1.7500440e+02
   1.7500990e+02
   1.7501760e+02
   1.7502750e+02
   1.7503960e+02
   1.7505390e+02
   1.7507040e+02
   1.7508910e+02
   1.7511000e+02
   1.7513310e+02
   1.7515840e+02
   1.7518590e+02
   1.7521560e+02
   1.7524750e+02
   1.7528160e+02
   1.7531790e+02
   1.7535640e+02
   1.7539710e+02
   1.7544000e+02
   1.7548510e+02
   1.7553240e+02
   1.7558190e+02
   1.7563360e+02
   1.7568750e+02
   1.7574360e+02
   1.7580190e+02
   1.7586240e+02
   1.7592510e+02
   1.7599000e+02
   1.7605710e+02
   1.7612640e+02
   1.7619790e+02
   1.7627160e+02
   1.7634750e+02
   1.7642560e+02
   1.7650590e+02
   1.7658840e+02
   1.7667310e+02
   1.7676000e+02
   1.7684910e+02
   1.7694040e+02
   1.7703390e+02
   1.7712960e+02
   1.7722750e+02
   1.7732760e+02
   1.7742990e+02
   1.7753440e+02
   1.7764110e+02
   1.7775000e+02
   1.7786110e+02
   1.7797440e+02
   1.7808990e+02
   1.7820760e+02
   1.7832750e+02
   1.7844960e+02
   1.7857390e+02
   1.7870040e+02
   1.7882910e+02
   1.7896000e+02
   1.7909310e+02
   1.7922840e+02
   1.7936590e+02
   1.7950560e+02
   1.7964750e+02
   1.7979160e+02
   1.7993790e+02
   1.8008640e+02
   1.8023710e+02
   1.8039000e+02
   1.8054510e+02
   1.8070240e+02
   1.8086190e+02
   1.8102360e+02
   1.8118750e+02
   1.8135360e+02
   1.8152190e+02
   1.8169240e+02
   1.8186510e+02
   1.8204000e+02
   1.8221710e+02
   1.8239640e+02
   1.8257790e+02
   1.8276160e+02
   1.8294750e+02
   1.8313560e+02
   1.8332590e+02
   1.8351840e+02
   1.8371310e+02
   1.8391000e+02
   1.8410910e+02
   1.8431040e+02
   1.8451390e+02
   1.8471960e+02
   1.8492750e+02
   1.8513760e+02
   1.8534990e+02
   1.8556440e+02
   1.8578110e+02
   1.8600000e+02
   1.8622110e+02
   1.8644440e+02
   1.8666990e+02
   1.8689760e+02
   1.8712750e+02
   1.8735960e+02
   1.8759390e+02
   1.8783040e+02
   1.8806910e+02
   1.8831000e+02
   1.8855310e+02
   1.8879840e+02
   1.8904590e+02
   1.8929560e+02
   1.8954750e+02
   1.8980160e+02
   1.9005790e+02
   1.9031640e+02
   1.9057710e+02
   1.9084000e+02
   1.9110510e+02
   1.9137240e+02
   1.9164190e+02
   1.9191360e+02
   1.9218750e+02
   1.9246360e+02
   1.9274190e+02
   1.9302240e+02
   1.9330510e+02
   1.9359000e+02
   1.9387710e+02
   1.9416640e+02
   1.9445790e+02
   1.9475160e+02
   1.9504750e+02
   1.9534560e+02
   1.9564590e+02
   1.9594840e+02
   1.9625310e+02
   1.9656000e+02
   1.9686910e+02
   1.9718040e+02
   1.9749390e+02
   1.9780960e+02
   1.9812750e+02
   1.9844760e+02
   1.9876990e+02
   1.9909440e+02
   1.9942110e+02
   1.9975000e+02
   2.0008110e+02
   2.0041440e+02
   2.0074990e+02
   2.0108760e+02
   2.0142750e+02
   2.0176960e+02
   2.0211390e+02
   2.0246040e+02
   2.0280910e+02
   2.0316000e+02
   2.0351310e+02
   2.0386840e+02
   2.0422590e+02
   2.0458560e+02
   2.0494750e+02
   2.0531160e+02
   2.0567790e+02
   2.0604640e+02
   2.0641710e+02
   2.0679000e+02
   2.0716510e+02
   2.0754240e+02
   2.0792190e+02
   2.0830360e+02
   2.0868750e+02
   2.0907360e+02
   2.0946190e+02
   2.0985240e+02
   2.1024510e+02
   2.1024510e+02
   2.1064110e+02
   2.1103710e+02
   2.1143310e+02
   2.1182910e+02
   2.1222510e+02
   2.1262110e+02
   2.1301710e+02
   2.1341310e+02
   2.1380910e+02
   2.1420510e+02
   2.1460110e+02
   2.1499710e+02
   2.1539310e+02
   2.1578910e+02
   2.1618510e+02
   2.1658110e+02
   2.1697710e+02
   2.1737310e+02
   2.1776910e+02
   2.1816510e+02
   2.1856110e+02
   2.1895710e+02
   2.1935310e+02
   2.1974910e+02
   2.2014510e+02
   2.2054110e+02
   2.2093710e+02
   2.2133310e+02
   2.2172910e+02
   2.2212510e+02
   2.2252110e+02
   2.2291710e+02
   2.2331310e+02
   2.2370910e+02
   2.2410510e+02
   2.2450110e+02
   2.2489710e+02
   2.2529310e+02
   2.2568910e+02
   2.2608510e+02
   2.2648110e+02
   2.2687710e+02
   2.2727310e+02
   2.2766910e+02
   2.2806510e+02
   2.2846110e+02
   2.2885710e+02
   2.2925310e+02
   2.2964910e+02
   2.3004510e+02
   2.3044110e+02
   2.3083710e+02
   2.3123310e+02
   2.3162910e+02
   2.3202510e+02
   2.3242110e+02
   2.3281710e+02
   2.3321310e+02
   2.3360910e+02
   2.3400510e+02
   2.3440110e+02
   2.3479710e+02
   2.3519310e+02
   2.3558910e+02
   2.3598510e+02
   2.3638110e+02
   2.3677710e+02
   2.3717310e+02
   2.3756910e+02
   2.3796510e+02
   2.3836110e+02
   2.3875710e+02
   2.3915310e+02
   2.3954910e+02
   2.3994510e+02
   2.4034110e+02
   2.4073710e+02
   2.4113310e+02
   2.4152910e+02
   2.4192510e+02
   2.4232110e+02
   2.4271710e+02
   2.4311310e+02
   2.4350910e+02
   2.4390510e+02
   2.4430110e+02
   2.4469710e+02
   2.4509310e+02
   2.4548910e+02
   2.4588510e+02
   2.4628110e+02
   2.4667710e+02
   2.4707310e+02
   2.4746910e+02
   2.4786510e+02
   2.4826110e+02
   2.4865710e+02
   2.4905310e+02
   2.4944910e+02
   2.4984510e+02
   2.5024110e+02
   2.5063710e+02
   2.5103310e+02
   2.5142910e+02
   2.5182510e+02
   2.5222110e+02
   2.5261710e+02
   2.5301310e+02
   2.5340910e+02
   2.5380510e+02
   2.5420110e+02
   2.5459710e+02
   2.5499310e+02
   2.5538910e+02
   2.5578510e+02
   2.5618110e+02
   2.5657710e+02
   2.5697310e+02
   2.5736910e+02
   2.5776510e+02
   2.5816110e+02
   2.5855710e+02
   2.5895310e+02
   2.5934910e+02
   2.5974510e+02
   2.6014110e+02
   2.6053710e+02
   2.6093310e+02
   2.6132910e+02
   2.6172510e+02
   2.6212110e+02
   2.6251710e+02
   2.6291310e+02
   2.6330910e+02
   2.6370510e+02
   2.6410110e+02
   2.6449710e+02
   2.6489310e+02
   2.6528910e+02
   2.6568510e+02
   2.6608110e+02
   2.6647710e+02
   2.6687310e+02
   2.6726910e+02
   2.6766510e+02
   2.6806110e+02
   2.6845710e+02
   2.6885310e+02
   2.6924910e+02
   2.6964510e+02
   2.7004110e+02
   2.7043710e+02
   2.7083310e+02
   2.7122910e+02
   2.7162510e+02
   2.7202110e+02
   2.7241710e+02
   2.7281310e+02
   2.7320910e+02
   2.7360510e+02
   2.7400110e+02
   2.7439710e+02
   2.7479310e+02
   2.7518910e+02
   2.7558510e+02
   2.7598110e+02
   2.7637710e+02
   2.7677310e+02
   2.7716910e+02
   2.7756510e+02
   2.7796110e+02
   2.7835710e+02
   2.7875310e+02
   2.7914910e+02
   2.7954510e+02
   2.7994110e+02
   2.8033710e+02
   2.8073310e+02
   2.8112910e+02
   2.8152510e+02
   2.8192110e+02
   2.8231710e+02
   2.8271310e+02
   2.8310910e+02
   2.8350510e+02
   2.8390110e+02
   2.8429710e+02
   2.8469310e+02
   2.8508910e+02
   2.8548510e+02
   2.8588110e+02
   2.8627710e+02
   2.8667310e+02
   2.8706910e+02
   2.8746510e+02
   2.8786110e+02
   2.8825710e+02
   2.8865310e+02
   2.8904910e+02
   2.8944510e+02
   2.8984110e+02
   2.9023710e+02
   2.9063310e+02
   2.9102910e+02
   2.9142510e+02
   2.9182110e+02
   2.9221710e+02
   2.9261310e+02
   2.9300910e+02
   2.9340510e+02
   2.9380110e+02
   2.9419710e+02
   2.9459310e+02
   2.9498910e+02
   2.9538510e+02
   2.9578110e+02
   2.9617710e+02
   2.9657310e+02
   2.9696910e+02
   2.9736510e+02
   2.9776110e+02
   2.9815710e+02
   2.9855310e+02
   2.9894910e+02
   2.9934510e+02
   2.9974110e+02
   3.0013710e+02
   3.0053310e+02
   3.0092910e+02
   3.0132510e+02
   3.0172110e+02
   3.0211710e+02
   3.0251310e+02
   3.0290910e+02
   3.0330510e+02
   3.0370110e+02
   3.0409710e+02
   3.0449310e+02
   3.0488910e+02
   3.0528510e+02
   3.0568110e+02
   3.0607710e+02
   3.0647310e+02
   3.0686910e+02
   3.0726510e+02
   3.0766110e+02
   3.0805710e+02
   3.0845310e+02
   3.0884910e+02
   3.0924510e+02
   3.0964110e+02
   3.1003710e+02
   3.1043310e+02
   3.1082910e+02
   3.1122510e+02
   3.1162110e+02
   3.1201710e+02
   3.1241310e+02
   3.1280910e+02
   3.1320510e+02
   3.1360110e+02
   3.1399710e+02
   3.1439310e+02
   3.1478910e+02
   3.1518510e+02
   3.1558110e+02
   3.1597710e+02
   3.1637310e+02
   3.1676910e+02
   3.1716510e+02
   3.1756110e+02
   3.1795710e+02
   3.1835310e+02
   3.1874910e+02
   3.1914510e+02
   3.1954110e+02
   3.1993710e+02
   3.2033310e+02
   3.2072910e+02
   3.2072910e+02
   3.2112411e+02
   3.2151714e+02
   3.2190819e+02
   3.2229726e+02
   3.2268435e+02
   3.2306946e+02
   3.2345259e+02
   3.2383374e+02
   3.2421291e+02
   3.2459010e+02
   3.2496531e+02
   3.2533854e+02
   3.2570979e+02
   3.2607906e+02
   3.2644635e+02
   3.2681166e+02
   3.2717499e+02
   3.2753634e+02
   3.2789571e+02
   3.2825310e+02
   3.2860851e+02
   3.2896194e+02
   3.2931339e+02
   3.2966286e+02
   3.3001035e+02
   3.3035586e+02
   3.3069939e+02
   3.3104094e+02
   3.3138051e+02
   3.3171810e+02
   3.3205371e+02
   3.3238734e+02
   3.3271899e+02
   3.3304866e+02
   3.3337635e+02
   3.3370206e+02
   3.3402579e+02
   3.3434754e+02
   3.3466731e+02
   3.3498510e+02
   3.3530091e+02
   3.3561474e+02
   3.3592659e+02
   3.3623646e+02
   3.3654435e+02
   3.3685026e+02
   3.3715419e+02
   3.3745614e+02
   3.3775611e+02
   3.3805410e+02
   3.3835011e+02
   3.3864414e+02
   3.3893619e+02
   3.3922626e+02
   3.3951435e+02
   3.3980046e+02
   3.4008459e+02
   3.4036674e+02
   3.4064691e+02
   3.4092510e+02
   3.4120131e+02
   3.4147554e+02
   3.4174779e+02
   3.4201806e+02
   3.4228635e+02
   3.4255266e+02
   3.4281699e+02
   3.4307934e+02
   3.4333971e+02
   3.4359810e+02
   3.4385451e+02
   3.4410894e+02
   3.4436139e+02
   3.4461186e+02
   3.4486035e+02
   3.4510686e+02
   3.4535139e+02
   3.4559394e+02
   3.4583451e+02
   3.4607310e+02
   3.4630971e+02
   3.4654434e+02
   3.4677699e+02
   3.4700766e+02
   3.4723635e+02
   3.4746306e+02
   3.4768779e+02
   3.4791054e+02
   3.4813131e+02
   3.4835010e+02
   3.4856691e+02
   3.4878174e+02
   3.4899459e+02
   3.4920546e+02
   3.4941435e+02
   3.4962126e+02
   3.4982619e+02
   3.5002914e+02
   3.5023011e+02
   3.5042910e+02
   3.5062611e+02
   3.5082114e+02
   3.5101419e+02
   3.5120526e+02
   3.5139435e+02
   3.5158146e+02
   3.5176659e+02
   3.5194974e+02
   3.5213091e+02
   3.5231010e+02
   3.5248731e+02
   3.5266254e+02
   3.5283579e+02
   3.5300706e+02
   3.5317635e+02
   3.5334366e+02
   3.5350899e+02
   3.5367234e+02
   3.5383371e+02
   3.5399310e+02
   3.5415051e+02
   3.5430594e+02
   3.5445939e+02
   3.5461086e+02
   3.5476035e+02
   3.5490786e+02
   3.5505339e+02
   3.5519694e+02
   3.5533851e+02
   3.5547810e+02
   3.5561571e+02
   3.5575134e+02
   3.5588499e+02
   3.5601666e+02
   3.5614635e+02
   3.5627406e+02
   3.5639979e+02
   3.5652354e+02
   3.5664531e+02
   3.5676510e+02
   3.5688291e+02
   3.5699874e+02
   3.5711259e+02
   3.5722446e+02
   3.5733435e+02
   3.5744226e+02
   3.5754819e+02
   3.5765214e+02
   3.5775411e+02
   3.5785410e+02
   3.5795211e+02
   3.5804814e+02
   3.5814219e+02
   3.5823426e+02
   3.5832435e+02
   3.5841246e+02
   3.5849859e+02
   3.5858274e+02
   3.5866491e+02
   3.5874510e+02
   3.5882331e+02
   3.5889954e+02
   3.5897379e+02
   3.5904606e+02
   3.5911635e+02
   3.5918466e+02
   3.5925099e+02
   3.5931534e+02
   3.5937771e+02
   3.5943810e+02
   3.5949651e+02
   3.5955294e+02
   3.5960739e+02
   3.5965986e+02
   3.5971035e+02
   3.5975886e+02
   3.5980539e+02
   3.5984994e+02
   3.5989251e+02
   3.5993310e+02
   3.5997171e+02
   3.6000834e+02
   3.6004299e+02
   3.6007566e+02
   3.6010635e+02
   3.6013506e+02
   3.6016179e+02
   3.6018654e+02
   3.6020931e+02
   3.6023010e+02
   3.6024891e+02
   3.6026574e+02
   3.6028059e+02
   3.6029346e+02
   3.6030435e+02
   3.6031326e+02
   3.6032019e+02
   3.6032514e+02
   3.6032811e+02
   1.3913043e+00
   1.3852552e+00
   1.3792060e+00
   1.3731569e+00
   1.3671078e+00
   1.3610586e+00
   1.3550095e+00
   1.3489603e+00
   1.3429112e+00
   1.3368620e+00
   1.3308129e+00
   1.3247637e+00
   1.3187146e+00
   1.3126654e+00
   1.3066163e+00
   1.3005671e+00
   1.2945180e+00
   1.2884688e+00
   1.2824197e+00
   1.2763705e+00
   1.2703214e+00
   1.2642722e+00
   1.2582231e+00
   1.2521739e+00
   1.2461248e+00
   1.2400756e+00
   1.2340265e+00
   1.2279773e+00
   1.2219282e+00
   1.2158790e+00
   1.2098299e+00
   1.2037807e+00
   1.1977316e+00
   1.1916824e+00
   1.1856333e+00
   1.1795841e+00
   1.1735350e+00
   1.1674858e+00
   1.1614367e+00
   1.1553875e+00
   1.1493384e+00
   1.1432892e+00
   1.1372401e+00
   1.1311909e+00
   1.1251418e+00
   1.1190926e+00
   1.1130435e+00
   1.1069943e+00
   1.1009452e+00
   1.0948960e+00
   1.0888469e+00
   1.0827977e+00
   1.0767486e+00
   1.0706994e+00
   1.0646503e+00
   1.0586011e+00
   1.0525520e+00
   1.0465028e+00
   1.0404537e+00
   1.0344045e+00
   1.0283554e+00
   1.0223062e+00
   1.0162571e+00
   1.0102079e+00
   1.0041588e+00
   9.9810964e-01
   9.9206049e-01
   9.8601134e-01
   9.7996219e-01
   9.7391304e-01
   9.6786389e-01
   9.6181474e-01
   9.5576560e-01
   9.4971645e-01
   9.4366730e-01
   9.3761815e-01
   9.3156900e-01
   9.2551985e-01
   9.1947070e-01
   9.1342155e-01
   9.0737240e-01
   9.0132325e-01
   8.9527410e-01
   8.8922495e-01
   8.8317580e-01
   8.7712665e-01
   8.7107750e-01
   8.6502836e-01
   8.5897921e-01
   8.5293006e-01
   8.4688091e-01
   8.4083176e-01
   8.3478261e-01
   8.2873346e-01
   8.2268431e-01
   8.1663516e-01
   8.1058601e-01
   8.0453686e-01
   7.9848771e-01
   7.9243856e-01
   7.8638941e-01
   7.8034026e-01
   7.7429112e-01
   7.6824197e-01
   7.6219282e-01
   7.5614367e-01
   7.5009452e-01
   7.4404537e-01
   7.3799622e-01
   7.3194707e-01
   7.2589792e-01
   7.1984877e-01
   7.1379962e-01
   7.0775047e-01
   7.0170132e-01
   6.9565217e-01
   6.8960302e-01
   6.8355388e-01
   6.7750473e-01
   6.7145558e-01
   6.6540643e-01
   6.5935728e-01
   6.5330813e-01
   6.4725898e-01
   6.4120983e-01
   6.3516068e-01
   6.2911153e-01
   6.2306238e-01
   6.1701323e-01
   6.1096408e-01
   6.0491493e-01
   5.9886578e-01
   5.9281664e-01
   5.8676749e-01
   5.8071834e-01
   5.7466919e-01
   5.6862004e-01
   5.6257089e-01
   5.5652174e-01
   5.5047259e-01
   5.4442344e-01
   5.3837429e-01
   5.3232514e-01
   5.2627599e-01
   5.2022684e-01
   5.1417769e-01
   5.0812854e-01
   5.0207940e-01
   4.9603025e-01
   4.8998110e-01
   4.8393195e-01
   4.7788280e-01
   4.7183365e-01
   4.6578450e-01
   4.5973535e-01
   4.5368620e-01
   4.4763705e-01
   4.4158790e-01
   4.3553875e-01
   4.2948960e-01
   4.2344045e-01
   4.1739130e-01
   4.1134216e-01
   4.0529301e-01
   3.9924386e-01
   3.9319471e-01
   3.8714556e-01
   3.8109641e-01
   3.7504726e-01
   3.6899811e-01
   3.6294896e-01
   3.5689981e-01
   3.5085066e-01
   3.4480151e-01
   3.3875236e-01
   3.3270321e-01
   3.2665406e-01
   3.2060491e-01
   3.1455577e-01
   3.0850662e-01
   3.0245747e-01
   2.9640832e-01
   2.9035917e-01
   2.8431002e-01
   2.7826087e-01
   2.7221172e-01
   2.6616257e-01
   2.6011342e-01
   2.5406427e-01
   2.4801512e-01
   2.4196597e-01
   2.3591682e-01
   2.2986767e-01
   2.2381853e-01
   2.1776938e-01
   2.1172023e-01
   2.0567108e-01
   1.9962193e-01
   1.9357278e-01
   1.8752363e-01
   1.8147448e-01
   1.7542533e-01
   1.6937618e-01
   1.6332703e-01
   1.5727788e-01
   1.5122873e-01
   1.4517958e-01
   1.3913043e-01
   1.3308129e-01
   1.2703214e-01
   1.2098299e-01
   1.1493384e-01
   1.0888469e-01
   1.0283554e-01
   9.6786389e-02
   9.0737240e-02
   8.4688091e-02
   7.8638941e-02
   7.2589792e-02
   6.6540643e-02
   6.0491493e-02
   5.4442344e-02
   4.8393195e-02
   4.2344045e-02
   3.6294896e-02
   3.0245747e-02
   2.4196597e-02
   1.8147448e-02
   1.2098299e-02
   6.0491493e-03
   0.0000000e+00
   0.0000000e+00
   0.0000000e+00
   0.0000000e+00
   0.0000000e+00
   0.0000000e+00
   0.0000000e+00
   0.0000000e+00
   0.0000000e+00
   0.0000000e+00
   0.0000000e+00
   0.0000000e+00
   0.0000000e+00
   0.0000000e+00
   0.0000000e+00
   0.0000000e+00
   0.0000000e+00
   0.0000000e+00
   0.0000000e+00
   0.0000000e+00
   0.0000000e+00
   0.0000000e+00
   0.0000000e+00
   0.0000000e+00
   0.0000000e+00
   0.0000000e+00
   0.0000000e+00
   0.0000000e+00
   0.0000000e+00
   0.0000000e+00
   0.0000000e+00
   0.0000000e+00
   0.0000000e+00
   0.0000000e+00
   0.0000000e+00
   0.0000000e+00
   0.0000000e+00
   0.0000000e+00
   0.0000000e+00
   0.0000000e+00
   0.0000000e+00
   0.0000000e+00
   0.0000000e+00
   0.0000000e+00
   0.0000000e+00
   0.0000000e+00
   0.0000000e+00
   0.0000000e+00
   0.0000000e+00
   0.0000000e+00
   0.0000000e+00
   0.0000000e+00
   0.0000000e+00
   0.0000000e+00
   0.0000000e+00
   0.0000000e+00
   0.0000000e+00
   0.0000000e+00
   0.0000000e+00
   0.0000000e+00
   0.0000000e+00
   0.0000000e+00
   0.0000000e+00
   0.0000000e+00
   0.0000000e+00
   0.0000000e+00
   0.0000000e+00
   0.0000000e+00
   0.0000000e+00
   0.0000000e+00
   0.0000000e+00
   0.0000000e+00
   2.2000000e-03
   4.4000000e-03
   6.6000000e-03
   8.8000000e-03
   1.1000000e-02
   1.3200000e-02
   1.5400000e-02
   1.7600000e-02
   1.9800000e-02
   2.2000000e-02
   2.4200000e-02
   2.6400000e-02
   2.8600000e-02
   3.0800000e-02
   3.3000000e-02
   3.5200000e-02
   3.7400000e-02
   3.9600000e-02
   4.1800000e-02
   4.4000000e-02
   4.6200000e-02
   4.8400000e-02
   5.0600000e-02
   5.2800000e-02
   5.5000000e-02
   5.7200000e-02
   5.9400000e-02
   6.1600000e-02
   6.3800000e-02
   6.6000000e-02
   6.8200000e-02
   7.0400000e-02
   7.2600000e-02
   7.4800000e-02
   7.7000000e-02
   7.9200000e-02
   8.1400000e-02
   8.3600000e-02
   8.5800000e-02
   8.8000000e-02
   9.0200000e-02
   9.2400000e-02
   9.4600000e-02
   9.6800000e-02
   9.9000000e-02
   1.0120000e-01
   1.0340000e-01
   1.0560000e-01
   1.0780000e-01
   1.1000000e-01
   1.1220000e-01
   1.1440000e-01
   1.1660000e-01
   1.1880000e-01
   1.2100000e-01
   1.2320000e-01
   1.2540000e-01
   1.2760000e-01
   1.2980000e-01
   1.3200000e-01
   1.3420000e-01
   1.3640000e-01
   1.3860000e-01
   1.4080000e-01
   1.4300000e-01
   1.4520000e-01
   1.4740000e-01
   1.4960000e-01
   1.5180000e-01
   1.5400000e-01
   1.5620000e-01
   1.5840000e-01
   1.6060000e-01
   1.6280000e-01
   1.6500000e-01
   1.6720000e-01
   1.6940000e-01
   1.7160000e-01
   1.7380000e-01
   1.7600000e-01
   1.7820000e-01
   1.8040000e-01
   1.8260000e-01
   1.8480000e-01
   1.8700000e-01
   1.8920000e-01
   1.9140000e-01
   1.9360000e-01
   1.9580000e-01
   1.9800000e-01
   2.0020000e-01
   2.0240000e-01
   2.0460000e-01
   2.0680000e-01
   2.0900000e-01
   2.1120000e-01
   2.1340000e-01
   2.1560000e-01
   2.1780000e-01
   2.2000000e-01
   2.2220000e-01
   2.2440000e-01
   2.2660000e-01
   2.2880000e-01
   2.3100000e-01
   2.3320000e-01
   2.3540000e-01
   2.3760000e-01
   2.3980000e-01
   2.4200000e-01
   2.4420000e-01
   2.4640000e-01
   2.4860000e-01
   2.5080000e-01
   2.5300000e-01
   2.5520000e-01
   2.5740000e-01
   2.5960000e-01
   2.6180000e-01
   2.6400000e-01
   2.6620000e-01
   2.6840000e-01
   2.7060000e-01
   2.7280000e-01
   2.7500000e-01
   2.7720000e-01
   2.7940000e-01
   2.8160000e-01
   2.8380000e-01
   2.8600000e-01
   2.8820000e-01
   2.9040000e-01
   2.9260000e-01
   2.9480000e-01
   2.9700000e-01
   2.9920000e-01
   3.0140000e-01
   3.0360000e-01
   3.0580000e-01
   3.0800000e-01
   3.1020000e-01
   3.1240000e-01
   3.1460000e-01
   3.1680000e-01
   3.1900000e-01
   3.2120000e-01
   3.2340000e-01
   3.2560000e-01
   3.2780000e-01
   3.3000000e-01
   3.3220000e-01
   3.3440000e-01
   3.3660000e-01
   3.3880000e-01
   3.4100000e-01
   3.4320000e-01
   3.4540000e-01
   3.4760000e-01
   3.4980000e-01
   3.5200000e-01
   3.5420000e-01
   3.5640000e-01
   3.5860000e-01
   3.6080000e-01
   3.6300000e-01
   3.6520000e-01
   3.6740000e-01
   3.6960000e-01
   3.7180000e-01
   3.7400000e-01
   3.7620000e-01
   3.7840000e-01
   3.8060000e-01
   3.8280000e-01
   3.8500000e-01
   3.8720000e-01
   3.8940000e-01
   3.9160000e-01
   3.9380000e-01
   3.9600000e-01
   3.9600000e-01
   3.9600000e-01
   3.9600000e-01
   3.9600000e-01
   3.9600000e-01
   3.9600000e-01
   3.9600000e-01
   3.9600000e-01
   3.9600000e-01
   3.9600000e-01
   3.9600000e-01
   3.9600000e-01
   3.9600000e-01
   3.9600000e-01
   3.9600000e-01
   3.9600000e-01
   3.9600000e-01
   3.9600000e-01
   3.9600000e-01
   3.9600000e-01
   3.9600000e-01
   3.9600000e-01
   3.9600000e-01
   3.9600000e-01
   3.9600000e-01
   3.9600000e-01
   3.9600000e-01
   3.9600000e-01
   3.9600000e-01
   3.9600000e-01
   3.9600000e-01
   3.9600000e-01
   3.9600000e-01
   3.9600000e-01
   3.9600000e-01
   3.9600000e-01
   3.9600000e-01
   3.9600000e-01
   3.9600000e-01
   3.9600000e-01
   3.9600000e-01
   3.9600000e-01
   3.9600000e-01
   3.9600000e-01
   3.9600000e-01
   3.9600000e-01
   3.9600000e-01
   3.9600000e-01
   3.9600000e-01
   3.9600000e-01
   3.9600000e-01
   3.9600000e-01
   3.9600000e-01
   3.9600000e-01
   3.9600000e-01
   3.9600000e-01
   3.9600000e-01
   3.9600000e-01
   3.9600000e-01
   3.9600000e-01
   3.9600000e-01
   3.9600000e-01
   3.9600000e-01
   3.9600000e-01
   3.9600000e-01
   3.9600000e-01
   3.9600000e-01
   3.9600000e-01
   3.9600000e-01
   3.9600000e-01
   3.9600000e-01
   3.9600000e-01
   3.9600000e-01
   3.9600000e-01
   3.9600000e-01
   3.9600000e-01
   3.9600000e-01
   3.9600000e-01
   3.9600000e-01
   3.9600000e-01
   3.9600000e-01
   3.9600000e-01
   3.9600000e-01
   3.9600000e-01
   3.9600000e-01
   3.9600000e-01
   3.9600000e-01
   3.9600000e-01
   3.9600000e-01
   3.9600000e-01
   3.9600000e-01
   3.9600000e-01
   3.9600000e-01
   3.9600000e-01
   3.9600000e-01
   3.9600000e-01
   3.9600000e-01
   3.9600000e-01
   3.9600000e-01
   3.9600000e-01
   3.9600000e-01
   3.9600000e-01
   3.9600000e-01
   3.9600000e-01
   3.9600000e-01
   3.9600000e-01
   3.9600000e-01
   3.9600000e-01
   3.9600000e-01
   3.9600000e-01
   3.9600000e-01
   3.9600000e-01
   3.9600000e-01
   3.9600000e-01
   3.9600000e-01
   3.9600000e-01
   3.9600000e-01
   3.9600000e-01
   3.9600000e-01
   3.9600000e-01
   3.9600000e-01
   3.9600000e-01
   3.9600000e-01
   3.9600000e-01
   3.9600000e-01
   3.9600000e-01
   3.9600000e-01
   3.9600000e-01
   3.9600000e-01
   3.9600000e-01
   3.9600000e-01
   3.9600000e-01
   3.9600000e-01
   3.9600000e-01
   3.9600000e-01
   3.9600000e-01
   3.9600000e-01
   3.9600000e-01
   3.9600000e-01
   3.9600000e-01
   3.9600000e-01
   3.9600000e-01
   3.9600000e-01
   3.9600000e-01
   3.9600000e-01
   3.9600000e-01
   3.9600000e-01
   3.9600000e-01
   3.9600000e-01
   3.9600000e-01
   3.9600000e-01
   3.9600000e-01
   3.9600000e-01
   3.9600000e-01
   3.9600000e-01
   3.9600000e-01
   3.9600000e-01
   3.9600000e-01
   3.9600000e-01
   3.9600000e-01
   3.9600000e-01
   3.9600000e-01
   3.9600000e-01
   3.9600000e-01
   3.9600000e-01
   3.9600000e-01
   3.9600000e-01
   3.9600000e-01
   3.9600000e-01
   3.9600000e-01
   3.9600000e-01
   3.9600000e-01
   3.9600000e-01
   3.9600000e-01
   3.9600000e-01
   3.9600000e-01
   3.9600000e-01
   3.9600000e-01
   3.9600000e-01
   3.9600000e-01
   3.9600000e-01
   3.9600000e-01
   3.9600000e-01
   3.9600000e-01
   3.9600000e-01
   3.9600000e-01
   3.9600000e-01
   3.9600000e-01
   3.9600000e-01
   3.9600000e-01
   3.9600000e-01
   3.9600000e-01
   3.9600000e-01
   3.9600000e-01
   3.9600000e-01
   3.9600000e-01
   3.9600000e-01
   3.9600000e-01
   3.9600000e-01
   3.9600000e-01
   3.9600000e-01
   3.9600000e-01
   3.9600000e-01
   3.9600000e-01
   3.9600000e-01
   3.9600000e-01
   3.9600000e-01
   3.9600000e-01
   3.9600000e-01
   3.9600000e-01
   3.9600000e-01
   3.9600000e-01
   3.9600000e-01
   3.9600000e-01
   3.9600000e-01
   3.9600000e-01
   3.9600000e-01
   3.9600000e-01
   3.9600000e-01
   3.9600000e-01
   3.9600000e-01
   3.9600000e-01
   3.9600000e-01
   3.9600000e-01
   3.9600000e-01
   3.9600000e-01
   3.9600000e-01
   3.9600000e-01
   3.9600000e-01
   3.9600000e-01
   3.9600000e-01
   3.9600000e-01
   3.9600000e-01
   3.9600000e-01
   3.9600000e-01
   3.9600000e-01
   3.9600000e-01
   3.9600000e-01
   3.9600000e-01
   3.9600000e-01
   3.9600000e-01
   3.9600000e-01
   3.9600000e-01
   3.9600000e-01
   3.9600000e-01
   3.9600000e-01
   3.9600000e-01
   3.9600000e-01
   3.9600000e-01
   3.9600000e-01
   3.9600000e-01
   3.9600000e-01
   3.9600000e-01
   3.9600000e-01
   3.9600000e-01
   3.9600000e-01
   3.9600000e-01
   3.9600000e-01
   3.9600000e-01
   3.9600000e-01
   3.9600000e-01
   3.9600000e-01
   3.9600000e-01
   3.9600000e-01
   3.9600000e-01
   3.9600000e-01
   3.9600000e-01
   3.9600000e-01
   3.9600000e-01
   3.9600000e-01
   3.9600000e-01
   3.9600000e-01
   3.9600000e-01
   3.9600000e-01
   3.9600000e-01
   3.9600000e-01
   3.9600000e-01
   3.9600000e-01
   3.9600000e-01
   3.9600000e-01
   3.9600000e-01
   3.9402000e-01
   3.9204000e-01
   3.9006000e-01
   3.8808000e-01
   3.8610000e-01
   3.8412000e-01
   3.8214000e-01
   3.8016000e-01
   3.7818000e-01
   3.7620000e-01
   3.7422000e-01
   3.7224000e-01
   3.7026000e-01
   3.6828000e-01
   3.6630000e-01
   3.6432000e-01
   3.6234000e-01
   3.6036000e-01
   3.5838000e-01
   3.5640000e-01
   3.5442000e-01
   3.5244000e-01
   3.5046000e-01
   3.4848000e-01
   3.4650000e-01
   3.4452000e-01
   3.4254000e-01
   3.4056000e-01
   3.3858000e-01
   3.3660000e-01
   3.3462000e-01
   3.3264000e-01
   3.3066000e-01
   3.2868000e-01
   3.2670000e-01
   3.2472000e-01
   3.2274000e-01
   3.2076000e-01
   3.1878000e-01
   3.1680000e-01
   3.1482000e-01
   3.1284000e-01
   3.1086000e-01
   3.0888000e-01
   3.0690000e-01
   3.0492000e-01
   3.0294000e-01
   3.0096000e-01
   2.9898000e-01
   2.9700000e-01
   2.9502000e-01
   2.9304000e-01
   2.9106000e-01
   2.8908000e-01
   2.8710000e-01
   2.8512000e-01
   2.8314000e-01
   2.8116000e-01
   2.7918000e-01
   2.7720000e-01
   2.7522000e-01
   2.7324000e-01
   2.7126000e-01
   2.6928000e-01
   2.6730000e-01
   2.6532000e-01
   2.6334000e-01
   2.6136000e-01
   2.5938000e-01
   2.5740000e-01
   2.5542000e-01
   2.5344000e-01
   2.5146000e-01
   2.4948000e-01
   2.4750000e-01
   2.4552000e-01
   2.4354000e-01
   2.4156000e-01
   2.3958000e-01
   2.3760000e-01
   2.3562000e-01
   2.3364000e-01
   2.3166000e-01
   2.2968000e-01
   2.2770000e-01
   2.2572000e-01
   2.2374000e-01
   2.2176000e-01
   2.1978000e-01
   2.1780000e-01
   2.1582000e-01
   2.1384000e-01
   2.1186000e-01
   2.0988000e-01
   2.0790000e-01
   2.0592000e-01
   2.0394000e-01
   2.0196000e-01
   1.9998000e-01
   1.9800000e-01
   1.9602000e-01
   1.9404000e-01
   1.9206000e-01
   1.9008000e-01
   1.8810000e-01
   1.8612000e-01
   1.8414000e-01
   1.8216000e-01
   1.8018000e-01
   1.7820000e-01
   1.7622000e-01
   1.7424000e-01
   1.7226000e-01
   1.7028000e-01
   1.6830000e-01
   1.6632000e-01
   1.6434000e-01
   1.6236000e-01
   1.6038000e-01
   1.5840000e-01
   1.5642000e-01
   1.5444000e-01
   1.5246000e-01
   1.5048000e-01
   1.4850000e-01
   1.4652000e-01
   1.4454000e-01
   1.4256000e-01
   1.4058000e-01
   1.3860000e-01
   1.3662000e-01
   1.3464000e-01
   1.3266000e-01
   1.3068000e-01
   1.2870000e-01
   1.2672000e-01
   1.2474000e-01
   1.2276000e-01
   1.2078000e-01
   1.1880000e-01
   1.1682000e-01
   1.1484000e-01
   1.1286000e-01
   1.1088000e-01
   1.0890000e-01
   1.0692000e-01
   1.0494000e-01
   1.0296000e-01
   1.0098000e-01
   9.9000000e-02
   9.7020000e-02
   9.5040000e-02
   9.3060000e-02
   9.1080000e-02
   8.9100000e-02
   8.7120000e-02
   8.5140000e-02
   8.3160000e-02
   8.1180000e-02
   7.9200000e-02
   7.7220000e-02
   7.5240000e-02
   7.3260000e-02
   7.1280000e-02
   6.9300000e-02
   6.7320000e-02
   6.5340000e-02
   6.3360000e-02
   6.1380000e-02
   5.9400000e-02
   5.7420000e-02
   5.5440000e-02
   5.3460000e-02
   5.1480000e-02
   4.9500000e-02
   4.7520000e-02
   4.5540000e-02
   4.3560000e-02
   4.1580000e-02
   3.9600000e-02
   3.7620000e-02
   3.5640000e-02
   3.3660000e-02
   3.1680000e-02
   2.9700000e-02
   2.7720000e-02
   2.5740000e-02
   2.3760000e-02
   2.1780000e-02
   1.9800000e-02
   1.7820000e-02
   1.5840000e-02
   1.3860000e-02
   1.1880000e-02
   9.9000000e-03
   7.9200000e-03
   5.9400000e-03
   3.9600000e-03
