   8.3500000e+02
   2.8000000e+02
   0.0000000e+00
   1.6122781e+00
   3.2183432e+00
   4.8181953e+00
   6.4118343e+00
   7.9992604e+00
   9.5804734e+00
   1.1155473e+01
   1.2724260e+01
   1.4286834e+01
   1.5843195e+01
   1.7393343e+01
   1.8937278e+01
   2.0475000e+01
   2.2006509e+01
   2.3531805e+01
   2.5050888e+01
   2.6563757e+01
   2.8070414e+01
   2.9570858e+01
   3.1065089e+01
   3.2553107e+01
   3.4034911e+01
   3.5510503e+01
   3.6979882e+01
   3.8443047e+01
   3.9900000e+01
   4.1350740e+01
   4.2795266e+01
   4.4233580e+01
   4.5665680e+01
   4.7091568e+01
   4.8511243e+01
   4.9924704e+01
   5.1331953e+01
   5.2732988e+01
   5.4127811e+01
   5.5516420e+01
   5.6898817e+01
   5.8275000e+01
   5.9644970e+01
   6.1008728e+01
   6.2366272e+01
   6.3717604e+01
   6.5062722e+01
   6.6401627e+01
   6.7734320e+01
   6.9060799e+01
   7.0381065e+01
   7.1695118e+01
   7.3002959e+01
   7.4304586e+01
   7.5600000e+01
   7.6889201e+01
   7.8172189e+01
   7.9448964e+01
   8.0719527e+01
   8.1983876e+01
   8.3242012e+01
   8.4493935e+01
   8.5739645e+01
   8.6979142e+01
   8.8212426e+01
   8.9439497e+01
   9.0660355e+01
   9.1875000e+01
   9.3083432e+01
   9.4285651e+01
   9.5481657e+01
   9.6671450e+01
   9.7855030e+01
   9.9032396e+01
   1.0020355e+02
   1.0136849e+02
   1.0252722e+02
   1.0367973e+02
   1.0482604e+02
   1.0596612e+02
   1.0710000e+02
   1.0822766e+02
   1.0934911e+02
   1.1046435e+02
   1.1157337e+02
   1.1267618e+02
   1.1377278e+02
   1.1486317e+02
   1.1594734e+02
   1.1702530e+02
   1.1809704e+02
   1.1916257e+02
   1.2022189e+02
   1.2127500e+02
   1.2232189e+02
   1.2336257e+02
   1.2439704e+02
   1.2542530e+02
   1.2644734e+02
   1.2746317e+02
   1.2847278e+02
   1.2947618e+02
   1.3047337e+02
   1.3146435e+02
   1.3244911e+02
   1.3342766e+02
   1.3440000e+02
   1.3536612e+02
   1.3632604e+02
   1.3727973e+02
   1.3822722e+02
   1.3916849e+02
   1.4010355e+02
   1.4103240e+02
   1.4195503e+02
   1.4287145e+02
   1.4378166e+02
   1.4468565e+02
   1.4558343e+02
   1.4647500e+02
   1.4736036e+02
   1.4823950e+02
   1.4911243e+02
   1.4997914e+02
   1.5083964e+02
   1.5169393e+02
   1.5254201e+02
   1.5338388e+02
   1.5421953e+02
   1.5504896e+02
   1.5587219e+02
   1.5668920e+02
   1.5750000e+02
   1.5830459e+02
   1.5910296e+02
   1.5989512e+02
   1.6068107e+02
   1.6146080e+02
   1.6223432e+02
   1.6300163e+02
   1.6376272e+02
   1.6451760e+02
   1.6526627e+02
   1.6600873e+02
   1.6674497e+02
   1.6747500e+02
   1.6819882e+02
   1.6891642e+02
   1.6962781e+02
   1.7033299e+02
   1.7103195e+02
   1.7172470e+02
   1.7241124e+02
   1.7309157e+02
   1.7376568e+02
   1.7443358e+02
   1.7509527e+02
   1.7575074e+02
   1.7640000e+02
   1.7704305e+02
   1.7767988e+02
   1.7831050e+02
   1.7893491e+02
   1.7955311e+02
   1.8016509e+02
   1.8077086e+02
   1.8137041e+02
   1.8196376e+02
   1.8255089e+02
   1.8313180e+02
   1.8370651e+02
   1.8427500e+02
   1.8483728e+02
   1.8539334e+02
   1.8594320e+02
   1.8648683e+02
   1.8702426e+02
   1.8755547e+02
   1.8808047e+02
   1.8859926e+02
   1.8911183e+02
   1.8961820e+02
   1.9011834e+02
   1.9061228e+02
   1.9110000e+02
   1.9158151e+02
   1.9205680e+02
   1.9252589e+02
   1.9298876e+02
   1.9344541e+02
   1.9389586e+02
   1.9434009e+02
   1.9477811e+02
   1.9520991e+02
   1.9563550e+02
   1.9605488e+02
   1.9646805e+02
   1.9687500e+02
   1.9727574e+02
   1.9767027e+02
   1.9805858e+02
   1.9844068e+02
   1.9881657e+02
   1.9918624e+02
   1.9954970e+02
   1.9990695e+02
   2.0025799e+02
   2.0060281e+02
   2.0094142e+02
   2.0127382e+02
   2.0160000e+02
   2.0191997e+02
   2.0223373e+02
   2.0254127e+02
   2.0284260e+02
   2.0313772e+02
   2.0342663e+02
   2.0370932e+02
   2.0398580e+02
   2.0425607e+02
   2.0452012e+02
   2.0477796e+02
   2.0502959e+02
   2.0527500e+02
   2.0551420e+02
   2.0574719e+02
   2.0597396e+02
   2.0619453e+02
   2.0640888e+02
   2.0661701e+02
   2.0681893e+02
   2.0701464e+02
   2.0720414e+02
   2.0738743e+02
   2.0756450e+02
   2.0773536e+02
   2.0790000e+02
   2.0805843e+02
   2.0821065e+02
   2.0835666e+02
   2.0849645e+02
   2.0863003e+02
   2.0875740e+02
   2.0887855e+02
   2.0899349e+02
   2.0910222e+02
   2.0920473e+02
   2.0930104e+02
   2.0939112e+02
   2.0947500e+02
   2.0955266e+02
   2.0962411e+02
   2.0968935e+02
   2.0974837e+02
   2.0980118e+02
   2.0984778e+02
   2.0988817e+02
   2.0992234e+02
   2.0995030e+02
   2.0997204e+02
   2.0998757e+02
   2.0999689e+02
   2.1000000e+02
   2.1000000e+02
   2.1000000e+02
   2.1000000e+02
   2.1000000e+02
   2.1000000e+02
   2.1000000e+02
   2.1000000e+02
   2.1000000e+02
   2.1000000e+02
   2.1000000e+02
   2.1000000e+02
   2.1000000e+02
   2.1000000e+02
   2.1000000e+02
   2.1000000e+02
   2.1000000e+02
   2.1000000e+02
   2.1000000e+02
   2.1000000e+02
   2.1000000e+02
   2.3000000e+02
   2.3000140e+02
   2.3000560e+02
   2.3001260e+02
   2.3002240e+02
   2.3003500e+02
   2.3005040e+02
   2.3006860e+02
   2.3008960e+02
   2.3011340e+02
   2.3014000e+02
   2.3016940e+02
   2.3020160e+02
   2.3023660e+02
   2.3027440e+02
   2.3031500e+02
   2.3035840e+02
   2.3040460e+02
   2.3045360e+02
   2.3050540e+02
   2.3056000e+02
   2.3061740e+02
   2.3067760e+02
   2.3074060e+02
   2.3080640e+02
   2.3087500e+02
   2.3094640e+02
   2.3102060e+02
   2.3109760e+02
   2.3117740e+02
   2.3126000e+02
   2.3134540e+02
   2.3143360e+02
   2.3152460e+02
   2.3161840e+02
   2.3171500e+02
   2.3181440e+02
   2.3191660e+02
   2.3202160e+02
   2.3212940e+02
   2.3224000e+02
   2.3235340e+02
   2.3246960e+02
   2.3258860e+02
   2.3271040e+02
   2.3283500e+02
   2.3296240e+02
   2.3309260e+02
   2.3322560e+02
   2.3336140e+02
   2.3350000e+02
   2.3364140e+02
   2.3378560e+02
   2.3393260e+02
   2.3408240e+02
   2.3423500e+02
   2.3439040e+02
   2.3454860e+02
   2.3470960e+02
   2.3487340e+02
   2.3504000e+02
   2.3520940e+02
   2.3538160e+02
   2.3555660e+02
   2.3573440e+02
   2.3591500e+02
   2.3609840e+02
   2.3628460e+02
   2.3647360e+02
   2.3666540e+02
   2.3686000e+02
   2.3705740e+02
   2.3725760e+02
   2.3746060e+02
   2.3766640e+02
   2.3787500e+02
   2.3808640e+02
   2.3830060e+02
   2.3851760e+02
   2.3873740e+02
   2.3896000e+02
   2.3918540e+02
   2.3941360e+02
   2.3964460e+02
   2.3987840e+02
   2.4011500e+02
   2.4035440e+02
   2.4059660e+02
   2.4084160e+02
   2.4108940e+02
   2.4134000e+02
   2.4159340e+02
   2.4184960e+02
   2.4210860e+02
   2.4237040e+02
   2.4263500e+02
   2.4290240e+02
   2.4317260e+02
   2.4344560e+02
   2.4372140e+02
   2.4400000e+02
   2.4428140e+02
   2.4456560e+02
   2.4485260e+02
   2.4514240e+02
   2.4543500e+02
   2.4573040e+02
   2.4602860e+02
   2.4632960e+02
   2.4663340e+02
   2.4694000e+02
   2.4724940e+02
   2.4756160e+02
   2.4787660e+02
   2.4819440e+02
   2.4851500e+02
   2.4883840e+02
   2.4916460e+02
   2.4949360e+02
   2.4982540e+02
   2.5016000e+02
   2.5049740e+02
   2.5083760e+02
   2.5118060e+02
   2.5152640e+02
   2.5187500e+02
   2.5222640e+02
   2.5258060e+02
   2.5293760e+02
   2.5329740e+02
   2.5366000e+02
   2.5402540e+02
   2.5439360e+02
   2.5476460e+02
   2.5513840e+02
   2.5551500e+02
   2.5589440e+02
   2.5627660e+02
   2.5666160e+02
   2.5704940e+02
   2.5744000e+02
   2.5783340e+02
   2.5822960e+02
   2.5862860e+02
   2.5903040e+02
   2.5943500e+02
   2.5984240e+02
   2.6025260e+02
   2.6066560e+02
   2.6108140e+02
   2.6150000e+02
   2.6192140e+02
   2.6234560e+02
   2.6277260e+02
   2.6320240e+02
   2.6363500e+02
   2.6407040e+02
   2.6450860e+02
   2.6494960e+02
   2.6539340e+02
   2.6584000e+02
   2.6628940e+02
   2.6674160e+02
   2.6719660e+02
   2.6765440e+02
   2.6811500e+02
   2.6857840e+02
   2.6904460e+02
   2.6951360e+02
   2.6998540e+02
   2.7046000e+02
   2.7093740e+02
   2.7141760e+02
   2.7190060e+02
   2.7238640e+02
   2.7287500e+02
   2.7336640e+02
   2.7386060e+02
   2.7435760e+02
   2.7485740e+02
   2.7536000e+02
   2.7586540e+02
   2.7637360e+02
   2.7688460e+02
   2.7739840e+02
   2.7791500e+02
   2.7843440e+02
   2.7895660e+02
   2.7948160e+02
   2.8000940e+02
   2.8054000e+02
   2.8107340e+02
   2.8160960e+02
   2.8214860e+02
   2.8269040e+02
   2.8323500e+02
   2.8378240e+02
   2.8433260e+02
   2.8488560e+02
   2.8544140e+02
   2.8600000e+02
   2.8656140e+02
   2.8712560e+02
   2.8769260e+02
   2.8826240e+02
   2.8826240e+02
   2.8883640e+02
   2.8941040e+02
   2.8998440e+02
   2.9055840e+02
   2.9113240e+02
   2.9170640e+02
   2.9228040e+02
   2.9285440e+02
   2.9342840e+02
   2.9400240e+02
   2.9457640e+02
   2.9515040e+02
   2.9572440e+02
   2.9629840e+02
   2.9687240e+02
   2.9744640e+02
   2.9802040e+02
   2.9859440e+02
   2.9916840e+02
   2.9974240e+02
   3.0031640e+02
   3.0089040e+02
   3.0146440e+02
   3.0203840e+02
   3.0261240e+02
   3.0318640e+02
   3.0376040e+02
   3.0433440e+02
   3.0490840e+02
   3.0548240e+02
   3.0605640e+02
   3.0663040e+02
   3.0720440e+02
   3.0777840e+02
   3.0835240e+02
   3.0892640e+02
   3.0950040e+02
   3.1007440e+02
   3.1064840e+02
   3.1122240e+02
   3.1179640e+02
   3.1237040e+02
   3.1294440e+02
   3.1351840e+02
   3.1409240e+02
   3.1466640e+02
   3.1524040e+02
   3.1581440e+02
   3.1638840e+02
   3.1696240e+02
   3.1753640e+02
   3.1811040e+02
   3.1868440e+02
   3.1925840e+02
   3.1983240e+02
   3.2040640e+02
   3.2098040e+02
   3.2155440e+02
   3.2212840e+02
   3.2270240e+02
   3.2327640e+02
   3.2385040e+02
   3.2442440e+02
   3.2499840e+02
   3.2557240e+02
   3.2614640e+02
   3.2672040e+02
   3.2729440e+02
   3.2786840e+02
   3.2844240e+02
   3.2901640e+02
   3.2959040e+02
   3.3016440e+02
   3.3073840e+02
   3.3131240e+02
   3.3188640e+02
   3.3246040e+02
   3.3303440e+02
   3.3360840e+02
   3.3418240e+02
   3.3475640e+02
   3.3533040e+02
   3.3590440e+02
   3.3647840e+02
   3.3705240e+02
   3.3762640e+02
   3.3820040e+02
   3.3877440e+02
   3.3934840e+02
   3.3992240e+02
   3.4049640e+02
   3.4107040e+02
   3.4164440e+02
   3.4221840e+02
   3.4279240e+02
   3.4336640e+02
   3.4394040e+02
   3.4451440e+02
   3.4508840e+02
   3.4566240e+02
   3.4623640e+02
   3.4681040e+02
   3.4738440e+02
   3.4795840e+02
   3.4853240e+02
   3.4910640e+02
   3.4968040e+02
   3.5025440e+02
   3.5082840e+02
   3.5140240e+02
   3.5197640e+02
   3.5255040e+02
   3.5312440e+02
   3.5369840e+02
   3.5427240e+02
   3.5484640e+02
   3.5542040e+02
   3.5599440e+02
   3.5656840e+02
   3.5714240e+02
   3.5771640e+02
   3.5829040e+02
   3.5886440e+02
   3.5943840e+02
   3.6001240e+02
   3.6058640e+02
   3.6116040e+02
   3.6173440e+02
   3.6230840e+02
   3.6288240e+02
   3.6345640e+02
   3.6403040e+02
   3.6460440e+02
   3.6517840e+02
   3.6575240e+02
   3.6632640e+02
   3.6690040e+02
   3.6747440e+02
   3.6804840e+02
   3.6862240e+02
   3.6919640e+02
   3.6977040e+02
   3.7034440e+02
   3.7091840e+02
   3.7149240e+02
   3.7206640e+02
   3.7264040e+02
   3.7321440e+02
   3.7378840e+02
   3.7436240e+02
   3.7493640e+02
   3.7551040e+02
   3.7608440e+02
   3.7665840e+02
   3.7723240e+02
   3.7780640e+02
   3.7838040e+02
   3.7895440e+02
   3.7952840e+02
   3.8010240e+02
   3.8067640e+02
   3.8125040e+02
   3.8182440e+02
   3.8239840e+02
   3.8297240e+02
   3.8354640e+02
   3.8412040e+02
   3.8469440e+02
   3.8526840e+02
   3.8584240e+02
   3.8641640e+02
   3.8699040e+02
   3.8756440e+02
   3.8813840e+02
   3.8871240e+02
   3.8928640e+02
   3.8986040e+02
   3.9043440e+02
   3.9100840e+02
   3.9158240e+02
   3.9215640e+02
   3.9273040e+02
   3.9330440e+02
   3.9387840e+02
   3.9445240e+02
   3.9502640e+02
   3.9560040e+02
   3.9617440e+02
   3.9674840e+02
   3.9732240e+02
   3.9789640e+02
   3.9847040e+02
   3.9904440e+02
   3.9961840e+02
   4.0019240e+02
   4.0076640e+02
   4.0134040e+02
   4.0191440e+02
   4.0248840e+02
   4.0306240e+02
   4.0363640e+02
   4.0421040e+02
   4.0478440e+02
   4.0535840e+02
   4.0593240e+02
   4.0650640e+02
   4.0708040e+02
   4.0765440e+02
   4.0822840e+02
   4.0880240e+02
   4.0937640e+02
   4.0995040e+02
   4.1052440e+02
   4.1109840e+02
   4.1167240e+02
   4.1224640e+02
   4.1282040e+02
   4.1339440e+02
   4.1396840e+02
   4.1454240e+02
   4.1511640e+02
   4.1569040e+02
   4.1626440e+02
   4.1683840e+02
   4.1741240e+02
   4.1798640e+02
   4.1856040e+02
   4.1913440e+02
   4.1970840e+02
   4.2028240e+02
   4.2085640e+02
   4.2143040e+02
   4.2200440e+02
   4.2257840e+02
   4.2315240e+02
   4.2372640e+02
   4.2430040e+02
   4.2487440e+02
   4.2544840e+02
   4.2602240e+02
   4.2659640e+02
   4.2717040e+02
   4.2774440e+02
   4.2831840e+02
   4.2889240e+02
   4.2946640e+02
   4.3004040e+02
   4.3061440e+02
   4.3118840e+02
   4.3176240e+02
   4.3233640e+02
   4.3291040e+02
   4.3348440e+02
   4.3405840e+02
   4.3463240e+02
   4.3520640e+02
   4.3578040e+02
   4.3635440e+02
   4.3692840e+02
   4.3750240e+02
   4.3807640e+02
   4.3865040e+02
   4.3922440e+02
   4.3979840e+02
   4.4037240e+02
   4.4094640e+02
   4.4152040e+02
   4.4209440e+02
   4.4266840e+02
   4.4324240e+02
   4.4381640e+02
   4.4439040e+02
   4.4496440e+02
   4.4553840e+02
   4.4611240e+02
   4.4668640e+02
   4.4726040e+02
   4.4783440e+02
   4.4840840e+02
   4.4898240e+02
   4.4955640e+02
   4.5013040e+02
   4.5070440e+02
   4.5127840e+02
   4.5185240e+02
   4.5242640e+02
   4.5300040e+02
   4.5357440e+02
   4.5414840e+02
   4.5472240e+02
   4.5529640e+02
   4.5587040e+02
   4.5644440e+02
   4.5701840e+02
   4.5759240e+02
   4.5816640e+02
   4.5874040e+02
   4.5931440e+02
   4.5988840e+02
   4.6046240e+02
   4.6103640e+02
   4.6161040e+02
   4.6218440e+02
   4.6275840e+02
   4.6333240e+02
   4.6390640e+02
   4.6448040e+02
   4.6505440e+02
   4.6562840e+02
   4.6620240e+02
   4.6677640e+02
   4.6735040e+02
   4.6792440e+02
   4.6849840e+02
   4.6907240e+02
   4.6964640e+02
   4.7022040e+02
   4.7079440e+02
   4.7136840e+02
   4.7194240e+02
   4.7251640e+02
   4.7309040e+02
   4.7366440e+02
   4.7423840e+02
   4.7481240e+02
   4.7538640e+02
   4.7596040e+02
   4.7653440e+02
   4.7710840e+02
   4.7768240e+02
   4.7825640e+02
   4.7883040e+02
   4.7940440e+02
   4.7997840e+02
   4.8055240e+02
   4.8112640e+02
   4.8170040e+02
   4.8227440e+02
   4.8284840e+02
   4.8342240e+02
   4.8399640e+02
   4.8457040e+02
   4.8514440e+02
   4.8571840e+02
   4.8629240e+02
   4.8686640e+02
   4.8744040e+02
   4.8801440e+02
   4.8858840e+02
   4.8858840e+02
   4.8916049e+02
   4.8972875e+02
   4.9029318e+02
   4.9085379e+02
   4.9141057e+02
   4.9196352e+02
   4.9251265e+02
   4.9305795e+02
   4.9359942e+02
   4.9413707e+02
   4.9467089e+02
   4.9520088e+02
   4.9572705e+02
   4.9624939e+02
   4.9676790e+02
   4.9728259e+02
   4.9779345e+02
   4.9830048e+02
   4.9880369e+02
   4.9930307e+02
   4.9979862e+02
   5.0029035e+02
   5.0077825e+02
   5.0126232e+02
   5.0174257e+02
   5.0221899e+02
   5.0269158e+02
   5.0316035e+02
   5.0362529e+02
   5.0408640e+02
   5.0454369e+02
   5.0499715e+02
   5.0544678e+02
   5.0589259e+02
   5.0633457e+02
   5.0677272e+02
   5.0720705e+02
   5.0763755e+02
   5.0806422e+02
   5.0848707e+02
   5.0890609e+02
   5.0932128e+02
   5.0973265e+02
   5.1014019e+02
   5.1054390e+02
   5.1094379e+02
   5.1133985e+02
   5.1173208e+02
   5.1212049e+02
   5.1250507e+02
   5.1288582e+02
   5.1326275e+02
   5.1363585e+02
   5.1400512e+02
   5.1437057e+02
   5.1473219e+02
   5.1508998e+02
   5.1544395e+02
   5.1579409e+02
   5.1614040e+02
   5.1648289e+02
   5.1682155e+02
   5.1715638e+02
   5.1748739e+02
   5.1781457e+02
   5.1813792e+02
   5.1845745e+02
   5.1877315e+02
   5.1908502e+02
   5.1939307e+02
   5.1969729e+02
   5.1999768e+02
   5.2029425e+02
   5.2058699e+02
   5.2087590e+02
   5.2116099e+02
   5.2144225e+02
   5.2171968e+02
   5.2199329e+02
   5.2226307e+02
   5.2252902e+02
   5.2279115e+02
   5.2304945e+02
   5.2330392e+02
   5.2355457e+02
   5.2380139e+02
   5.2404438e+02
   5.2428355e+02
   5.2451889e+02
   5.2475040e+02
   5.2497809e+02
   5.2520195e+02
   5.2542198e+02
   5.2563819e+02
   5.2585057e+02
   5.2605912e+02
   5.2626385e+02
   5.2646475e+02
   5.2666182e+02
   5.2685507e+02
   5.2704449e+02
   5.2723008e+02
   5.2741185e+02
   5.2758979e+02
   5.2776390e+02
   5.2793419e+02
   5.2810065e+02
   5.2826328e+02
   5.2842209e+02
   5.2857707e+02
   5.2872822e+02
   5.2887555e+02
   5.2901905e+02
   5.2915872e+02
   5.2929457e+02
   5.2942659e+02
   5.2955478e+02
   5.2967915e+02
   5.2979969e+02
   5.2991640e+02
   5.3002929e+02
   5.3013835e+02
   5.3024358e+02
   5.3034499e+02
   5.3044257e+02
   5.3053632e+02
   5.3062625e+02
   5.3071235e+02
   5.3079462e+02
   5.3087307e+02
   5.3094769e+02
   5.3101848e+02
   5.3108545e+02
   5.3114859e+02
   5.3120790e+02
   5.3126339e+02
   5.3131505e+02
   5.3136288e+02
   5.3140689e+02
   5.3144707e+02
   5.3148342e+02
   5.3151595e+02
   5.3154465e+02
   5.3156952e+02
   5.3159057e+02
   5.3160779e+02
   5.3162118e+02
   5.3163075e+02
   5.3163649e+02
   1.6153846e+00
   1.6091716e+00
   1.6029586e+00
   1.5967456e+00
   1.5905325e+00
   1.5843195e+00
   1.5781065e+00
   1.5718935e+00
   1.5656805e+00
   1.5594675e+00
   1.5532544e+00
   1.5470414e+00
   1.5408284e+00
   1.5346154e+00
   1.5284024e+00
   1.5221893e+00
   1.5159763e+00
   1.5097633e+00
   1.5035503e+00
   1.4973373e+00
   1.4911243e+00
   1.4849112e+00
   1.4786982e+00
   1.4724852e+00
   1.4662722e+00
   1.4600592e+00
   1.4538462e+00
   1.4476331e+00
   1.4414201e+00
   1.4352071e+00
   1.4289941e+00
   1.4227811e+00
   1.4165680e+00
   1.4103550e+00
   1.4041420e+00
   1.3979290e+00
   1.3917160e+00
   1.3855030e+00
   1.3792899e+00
   1.3730769e+00
   1.3668639e+00
   1.3606509e+00
   1.3544379e+00
   1.3482249e+00
   1.3420118e+00
   1.3357988e+00
   1.3295858e+00
   1.3233728e+00
   1.3171598e+00
   1.3109467e+00
   1.3047337e+00
   1.2985207e+00
   1.2923077e+00
   1.2860947e+00
   1.2798817e+00
   1.2736686e+00
   1.2674556e+00
   1.2612426e+00
   1.2550296e+00
   1.2488166e+00
   1.2426036e+00
   1.2363905e+00
   1.2301775e+00
   1.2239645e+00
   1.2177515e+00
   1.2115385e+00
   1.2053254e+00
   1.1991124e+00
   1.1928994e+00
   1.1866864e+00
   1.1804734e+00
   1.1742604e+00
   1.1680473e+00
   1.1618343e+00
   1.1556213e+00
   1.1494083e+00
   1.1431953e+00
   1.1369822e+00
   1.1307692e+00
   1.1245562e+00
   1.1183432e+00
   1.1121302e+00
   1.1059172e+00
   1.0997041e+00
   1.0934911e+00
   1.0872781e+00
   1.0810651e+00
   1.0748521e+00
   1.0686391e+00
   1.0624260e+00
   1.0562130e+00
   1.0500000e+00
   1.0437870e+00
   1.0375740e+00
   1.0313609e+00
   1.0251479e+00
   1.0189349e+00
   1.0127219e+00
   1.0065089e+00
   1.0002959e+00
   9.9408284e-01
   9.8786982e-01
   9.8165680e-01
   9.7544379e-01
   9.6923077e-01
   9.6301775e-01
   9.5680473e-01
   9.5059172e-01
   9.4437870e-01
   9.3816568e-01
   9.3195266e-01
   9.2573964e-01
   9.1952663e-01
   9.1331361e-01
   9.0710059e-01
   9.0088757e-01
   8.9467456e-01
   8.8846154e-01
   8.8224852e-01
   8.7603550e-01
   8.6982249e-01
   8.6360947e-01
   8.5739645e-01
   8.5118343e-01
   8.4497041e-01
   8.3875740e-01
   8.3254438e-01
   8.2633136e-01
   8.2011834e-01
   8.1390533e-01
   8.0769231e-01
   8.0147929e-01
   7.9526627e-01
   7.8905325e-01
   7.8284024e-01
   7.7662722e-01
   7.7041420e-01
   7.6420118e-01
   7.5798817e-01
   7.5177515e-01
   7.4556213e-01
   7.3934911e-01
   7.3313609e-01
   7.2692308e-01
   7.2071006e-01
   7.1449704e-01
   7.0828402e-01
   7.0207101e-01
   6.9585799e-01
   6.8964497e-01
   6.8343195e-01
   6.7721893e-01
   6.7100592e-01
   6.6479290e-01
   6.5857988e-01
   6.5236686e-01
   6.4615385e-01
   6.3994083e-01
   6.3372781e-01
   6.2751479e-01
   6.2130178e-01
   6.1508876e-01
   6.0887574e-01
   6.0266272e-01
   5.9644970e-01
   5.9023669e-01
   5.8402367e-01
   5.7781065e-01
   5.7159763e-01
   5.6538462e-01
   5.5917160e-01
   5.5295858e-01
   5.4674556e-01
   5.4053254e-01
   5.3431953e-01
   5.2810651e-01
   5.2189349e-01
   5.1568047e-01
   5.0946746e-01
   5.0325444e-01
   4.9704142e-01
   4.9082840e-01
   4.8461538e-01
   4.7840237e-01
   4.7218935e-01
   4.6597633e-01
   4.5976331e-01
   4.5355030e-01
   4.4733728e-01
   4.4112426e-01
   4.3491124e-01
   4.2869822e-01
   4.2248521e-01
   4.1627219e-01
   4.1005917e-01
   4.0384615e-01
   3.9763314e-01
   3.9142012e-01
   3.8520710e-01
   3.7899408e-01
   3.7278107e-01
   3.6656805e-01
   3.6035503e-01
   3.5414201e-01
   3.4792899e-01
   3.4171598e-01
   3.3550296e-01
   3.2928994e-01
   3.2307692e-01
   3.1686391e-01
   3.1065089e-01
   3.0443787e-01
   2.9822485e-01
   2.9201183e-01
   2.8579882e-01
   2.7958580e-01
   2.7337278e-01
   2.6715976e-01
   2.6094675e-01
   2.5473373e-01
   2.4852071e-01
   2.4230769e-01
   2.3609467e-01
   2.2988166e-01
   2.2366864e-01
   2.1745562e-01
   2.1124260e-01
   2.0502959e-01
   1.9881657e-01
   1.9260355e-01
   1.8639053e-01
   1.8017751e-01
   1.7396450e-01
   1.6775148e-01
   1.6153846e-01
   1.5532544e-01
   1.4911243e-01
   1.4289941e-01
   1.3668639e-01
   1.3047337e-01
   1.2426036e-01
   1.1804734e-01
   1.1183432e-01
   1.0562130e-01
   9.9408284e-02
   9.3195266e-02
   8.6982249e-02
   8.0769231e-02
   7.4556213e-02
   6.8343195e-02
   6.2130178e-02
   5.5917160e-02
   4.9704142e-02
   4.3491124e-02
   3.7278107e-02
   3.1065089e-02
   2.4852071e-02
   1.8639053e-02
   1.2426036e-02
   6.2130178e-03
   0.0000000e+00
   0.0000000e+00
   0.0000000e+00
   0.0000000e+00
   0.0000000e+00
   0.0000000e+00
   0.0000000e+00
   0.0000000e+00
   0.0000000e+00
   0.0000000e+00
   0.0000000e+00
   0.0000000e+00
   0.0000000e+00
   0.0000000e+00
   0.0000000e+00
   0.0000000e+00
   0.0000000e+00
   0.0000000e+00
   0.0000000e+00
   0.0000000e+00
   0.0000000e+00
   0.0000000e+00
   2.8000000e-03
   5.6000000e-03
   8.4000000e-03
   1.1200000e-02
   1.4000000e-02
   1.6800000e-02
   1.9600000e-02
   2.2400000e-02
   2.5200000e-02
   2.8000000e-02
   3.0800000e-02
   3.3600000e-02
   3.6400000e-02
   3.9200000e-02
   4.2000000e-02
   4.4800000e-02
   4.7600000e-02
   5.0400000e-02
   5.3200000e-02
   5.6000000e-02
   5.8800000e-02
   6.1600000e-02
   6.4400000e-02
   6.7200000e-02
   7.0000000e-02
   7.2800000e-02
   7.5600000e-02
   7.8400000e-02
   8.1200000e-02
   8.4000000e-02
   8.6800000e-02
   8.9600000e-02
   9.2400000e-02
   9.5200000e-02
   9.8000000e-02
   1.0080000e-01
   1.0360000e-01
   1.0640000e-01
   1.0920000e-01
   1.1200000e-01
   1.1480000e-01
   1.1760000e-01
   1.2040000e-01
   1.2320000e-01
   1.2600000e-01
   1.2880000e-01
   1.3160000e-01
   1.3440000e-01
   1.3720000e-01
   1.4000000e-01
   1.4280000e-01
   1.4560000e-01
   1.4840000e-01
   1.5120000e-01
   1.5400000e-01
   1.5680000e-01
   1.5960000e-01
   1.6240000e-01
   1.6520000e-01
   1.6800000e-01
   1.7080000e-01
   1.7360000e-01
   1.7640000e-01
   1.7920000e-01
   1.8200000e-01
   1.8480000e-01
   1.8760000e-01
   1.9040000e-01
   1.9320000e-01
   1.9600000e-01
   1.9880000e-01
   2.0160000e-01
   2.0440000e-01
   2.0720000e-01
   2.1000000e-01
   2.1280000e-01
   2.1560000e-01
   2.1840000e-01
   2.2120000e-01
   2.2400000e-01
   2.2680000e-01
   2.2960000e-01
   2.3240000e-01
   2.3520000e-01
   2.3800000e-01
   2.4080000e-01
   2.4360000e-01
   2.4640000e-01
   2.4920000e-01
   2.5200000e-01
   2.5480000e-01
   2.5760000e-01
   2.6040000e-01
   2.6320000e-01
   2.6600000e-01
   2.6880000e-01
   2.7160000e-01
   2.7440000e-01
   2.7720000e-01
   2.8000000e-01
   2.8280000e-01
   2.8560000e-01
   2.8840000e-01
   2.9120000e-01
   2.9400000e-01
   2.9680000e-01
   2.9960000e-01
   3.0240000e-01
   3.0520000e-01
   3.0800000e-01
   3.1080000e-01
   3.1360000e-01
   3.1640000e-01
   3.1920000e-01
   3.2200000e-01
   3.2480000e-01
   3.2760000e-01
   3.3040000e-01
   3.3320000e-01
   3.3600000e-01
   3.3880000e-01
   3.4160000e-01
   3.4440000e-01
   3.4720000e-01
   3.5000000e-01
   3.5280000e-01
   3.5560000e-01
   3.5840000e-01
   3.6120000e-01
   3.6400000e-01
   3.6680000e-01
   3.6960000e-01
   3.7240000e-01
   3.7520000e-01
   3.7800000e-01
   3.8080000e-01
   3.8360000e-01
   3.8640000e-01
   3.8920000e-01
   3.9200000e-01
   3.9480000e-01
   3.9760000e-01
   4.0040000e-01
   4.0320000e-01
   4.0600000e-01
   4.0880000e-01
   4.1160000e-01
   4.1440000e-01
   4.1720000e-01
   4.2000000e-01
   4.2280000e-01
   4.2560000e-01
   4.2840000e-01
   4.3120000e-01
   4.3400000e-01
   4.3680000e-01
   4.3960000e-01
   4.4240000e-01
   4.4520000e-01
   4.4800000e-01
   4.5080000e-01
   4.5360000e-01
   4.5640000e-01
   4.5920000e-01
   4.6200000e-01
   4.6480000e-01
   4.6760000e-01
   4.7040000e-01
   4.7320000e-01
   4.7600000e-01
   4.7880000e-01
   4.8160000e-01
   4.8440000e-01
   4.8720000e-01
   4.9000000e-01
   4.9280000e-01
   4.9560000e-01
   4.9840000e-01
   5.0120000e-01
   5.0400000e-01
   5.0680000e-01
   5.0960000e-01
   5.1240000e-01
   5.1520000e-01
   5.1800000e-01
   5.2080000e-01
   5.2360000e-01
   5.2640000e-01
   5.2920000e-01
   5.3200000e-01
   5.3480000e-01
   5.3760000e-01
   5.4040000e-01
   5.4320000e-01
   5.4600000e-01
   5.4880000e-01
   5.5160000e-01
   5.5440000e-01
   5.5720000e-01
   5.6000000e-01
   5.6280000e-01
   5.6560000e-01
   5.6840000e-01
   5.7120000e-01
   5.7400000e-01
   5.7400000e-01
   5.7400000e-01
   5.7400000e-01
   5.7400000e-01
   5.7400000e-01
   5.7400000e-01
   5.7400000e-01
   5.7400000e-01
   5.7400000e-01
   5.7400000e-01
   5.7400000e-01
   5.7400000e-01
   5.7400000e-01
   5.7400000e-01
   5.7400000e-01
   5.7400000e-01
   5.7400000e-01
   5.7400000e-01
   5.7400000e-01
   5.7400000e-01
   5.7400000e-01
   5.7400000e-01
   5.7400000e-01
   5.7400000e-01
   5.7400000e-01
   5.7400000e-01
   5.7400000e-01
   5.7400000e-01
   5.7400000e-01
   5.7400000e-01
   5.7400000e-01
   5.7400000e-01
   5.7400000e-01
   5.7400000e-01
   5.7400000e-01
   5.7400000e-01
   5.7400000e-01
   5.7400000e-01
   5.7400000e-01
   5.7400000e-01
   5.7400000e-01
   5.7400000e-01
   5.7400000e-01
   5.7400000e-01
   5.7400000e-01
   5.7400000e-01
   5.7400000e-01
   5.7400000e-01
   5.7400000e-01
   5.7400000e-01
   5.7400000e-01
   5.7400000e-01
   5.7400000e-01
   5.7400000e-01
   5.7400000e-01
   5.7400000e-01
   5.7400000e-01
   5.7400000e-01
   5.7400000e-01
   5.7400000e-01
   5.7400000e-01
   5.7400000e-01
   5.7400000e-01
   5.7400000e-01
   5.7400000e-01
   5.7400000e-01
   5.7400000e-01
   5.7400000e-01
   5.7400000e-01
   5.7400000e-01
   5.7400000e-01
   5.7400000e-01
   5.7400000e-01
   5.7400000e-01
   5.7400000e-01
   5.7400000e-01
   5.7400000e-01
   5.7400000e-01
   5.7400000e-01
   5.7400000e-01
   5.7400000e-01
   5.7400000e-01
   5.7400000e-01
   5.7400000e-01
   5.7400000e-01
   5.7400000e-01
   5.7400000e-01
   5.7400000e-01
   5.7400000e-01
   5.7400000e-01
   5.7400000e-01
   5.7400000e-01
   5.7400000e-01
   5.7400000e-01
   5.7400000e-01
   5.7400000e-01
   5.7400000e-01
   5.7400000e-01
   5.7400000e-01
   5.7400000e-01
   5.7400000e-01
   5.7400000e-01
   5.7400000e-01
   5.7400000e-01
   5.7400000e-01
   5.7400000e-01
   5.7400000e-01
   5.7400000e-01
   5.7400000e-01
   5.7400000e-01
   5.7400000e-01
   5.7400000e-01
   5.7400000e-01
   5.7400000e-01
   5.7400000e-01
   5.7400000e-01
   5.7400000e-01
   5.7400000e-01
   5.7400000e-01
   5.7400000e-01
   5.7400000e-01
   5.7400000e-01
   5.7400000e-01
   5.7400000e-01
   5.7400000e-01
   5.7400000e-01
   5.7400000e-01
   5.7400000e-01
   5.7400000e-01
   5.7400000e-01
   5.7400000e-01
   5.7400000e-01
   5.7400000e-01
   5.7400000e-01
   5.7400000e-01
   5.7400000e-01
   5.7400000e-01
   5.7400000e-01
   5.7400000e-01
   5.7400000e-01
   5.7400000e-01
   5.7400000e-01
   5.7400000e-01
   5.7400000e-01
   5.7400000e-01
   5.7400000e-01
   5.7400000e-01
   5.7400000e-01
   5.7400000e-01
   5.7400000e-01
   5.7400000e-01
   5.7400000e-01
   5.7400000e-01
   5.7400000e-01
   5.7400000e-01
   5.7400000e-01
   5.7400000e-01
   5.7400000e-01
   5.7400000e-01
   5.7400000e-01
   5.7400000e-01
   5.7400000e-01
   5.7400000e-01
   5.7400000e-01
   5.7400000e-01
   5.7400000e-01
   5.7400000e-01
   5.7400000e-01
   5.7400000e-01
   5.7400000e-01
   5.7400000e-01
   5.7400000e-01
   5.7400000e-01
   5.7400000e-01
   5.7400000e-01
   5.7400000e-01
   5.7400000e-01
   5.7400000e-01
   5.7400000e-01
   5.7400000e-01
   5.7400000e-01
   5.7400000e-01
   5.7400000e-01
   5.7400000e-01
   5.7400000e-01
   5.7400000e-01
   5.7400000e-01
   5.7400000e-01
   5.7400000e-01
   5.7400000e-01
   5.7400000e-01
   5.7400000e-01
   5.7400000e-01
   5.7400000e-01
   5.7400000e-01
   5.7400000e-01
   5.7400000e-01
   5.7400000e-01
   5.7400000e-01
   5.7400000e-01
   5.7400000e-01
   5.7400000e-01
   5.7400000e-01
   5.7400000e-01
   5.7400000e-01
   5.7400000e-01
   5.7400000e-01
   5.7400000e-01
   5.7400000e-01
   5.7400000e-01
   5.7400000e-01
   5.7400000e-01
   5.7400000e-01
   5.7400000e-01
   5.7400000e-01
   5.7400000e-01
   5.7400000e-01
   5.7400000e-01
   5.7400000e-01
   5.7400000e-01
   5.7400000e-01
   5.7400000e-01
   5.7400000e-01
   5.7400000e-01
   5.7400000e-01
   5.7400000e-01
   5.7400000e-01
   5.7400000e-01
   5.7400000e-01
   5.7400000e-01
   5.7400000e-01
   5.7400000e-01
   5.7400000e-01
   5.7400000e-01
   5.7400000e-01
   5.7400000e-01
   5.7400000e-01
   5.7400000e-01
   5.7400000e-01
   5.7400000e-01
   5.7400000e-01
   5.7400000e-01
   5.7400000e-01
   5.7400000e-01
   5.7400000e-01
   5.7400000e-01
   5.7400000e-01
   5.7400000e-01
   5.7400000e-01
   5.7400000e-01
   5.7400000e-01
   5.7400000e-01
   5.7400000e-01
   5.7400000e-01
   5.7400000e-01
   5.7400000e-01
   5.7400000e-01
   5.7400000e-01
   5.7400000e-01
   5.7400000e-01
   5.7400000e-01
   5.7400000e-01
   5.7400000e-01
   5.7400000e-01
   5.7400000e-01
   5.7400000e-01
   5.7400000e-01
   5.7400000e-01
   5.7400000e-01
   5.7400000e-01
   5.7400000e-01
   5.7400000e-01
   5.7400000e-01
   5.7400000e-01
   5.7400000e-01
   5.7400000e-01
   5.7400000e-01
   5.7400000e-01
   5.7400000e-01
   5.7400000e-01
   5.7400000e-01
   5.7400000e-01
   5.7400000e-01
   5.7400000e-01
   5.7400000e-01
   5.7400000e-01
   5.7400000e-01
   5.7400000e-01
   5.7400000e-01
   5.7400000e-01
   5.7400000e-01
   5.7400000e-01
   5.7400000e-01
   5.7400000e-01
   5.7400000e-01
   5.7400000e-01
   5.7400000e-01
   5.7400000e-01
   5.7400000e-01
   5.7400000e-01
   5.7400000e-01
   5.7400000e-01
   5.7400000e-01
   5.7400000e-01
   5.7400000e-01
   5.7400000e-01
   5.7400000e-01
   5.7400000e-01
   5.7400000e-01
   5.7400000e-01
   5.7400000e-01
   5.7400000e-01
   5.7400000e-01
   5.7400000e-01
   5.7400000e-01
   5.7400000e-01
   5.7400000e-01
   5.7400000e-01
   5.7400000e-01
   5.7400000e-01
   5.7400000e-01
   5.7400000e-01
   5.7400000e-01
   5.7400000e-01
   5.7400000e-01
   5.7400000e-01
   5.7400000e-01
   5.7400000e-01
   5.7400000e-01
   5.7400000e-01
   5.7400000e-01
   5.7400000e-01
   5.7400000e-01
   5.7400000e-01
   5.7400000e-01
   5.7400000e-01
   5.7400000e-01
   5.7400000e-01
   5.7400000e-01
   5.7400000e-01
   5.7400000e-01
   5.7400000e-01
   5.7400000e-01
   5.7400000e-01
   5.7400000e-01
   5.7400000e-01
   5.7400000e-01
   5.7400000e-01
   5.7400000e-01
   5.7400000e-01
   5.7400000e-01
   5.7017333e-01
   5.6634667e-01
   5.6252000e-01
   5.5869333e-01
   5.5486667e-01
   5.5104000e-01
   5.4721333e-01
   5.4338667e-01
   5.3956000e-01
   5.3573333e-01
   5.3190667e-01
   5.2808000e-01
   5.2425333e-01
   5.2042667e-01
   5.1660000e-01
   5.1277333e-01
   5.0894667e-01
   5.0512000e-01
   5.0129333e-01
   4.9746667e-01
   4.9364000e-01
   4.8981333e-01
   4.8598667e-01
   4.8216000e-01
   4.7833333e-01
   4.7450667e-01
   4.7068000e-01
   4.6685333e-01
   4.6302667e-01
   4.5920000e-01
   4.5537333e-01
   4.5154667e-01
   4.4772000e-01
   4.4389333e-01
   4.4006667e-01
   4.3624000e-01
   4.3241333e-01
   4.2858667e-01
   4.2476000e-01
   4.2093333e-01
   4.1710667e-01
   4.1328000e-01
   4.0945333e-01
   4.0562667e-01
   4.0180000e-01
   3.9797333e-01
   3.9414667e-01
   3.9032000e-01
   3.8649333e-01
   3.8266667e-01
   3.7884000e-01
   3.7501333e-01
   3.7118667e-01
   3.6736000e-01
   3.6353333e-01
   3.5970667e-01
   3.5588000e-01
   3.5205333e-01
   3.4822667e-01
   3.4440000e-01
   3.4057333e-01
   3.3674667e-01
   3.3292000e-01
   3.2909333e-01
   3.2526667e-01
   3.2144000e-01
   3.1761333e-01
   3.1378667e-01
   3.0996000e-01
   3.0613333e-01
   3.0230667e-01
   2.9848000e-01
   2.9465333e-01
   2.9082667e-01
   2.8700000e-01
   2.8317333e-01
   2.7934667e-01
   2.7552000e-01
   2.7169333e-01
   2.6786667e-01
   2.6404000e-01
   2.6021333e-01
   2.5638667e-01
   2.5256000e-01
   2.4873333e-01
   2.4490667e-01
   2.4108000e-01
   2.3725333e-01
   2.3342667e-01
   2.2960000e-01
   2.2577333e-01
   2.2194667e-01
   2.1812000e-01
   2.1429333e-01
   2.1046667e-01
   2.0664000e-01
   2.0281333e-01
   1.9898667e-01
   1.9516000e-01
   1.9133333e-01
   1.8750667e-01
   1.8368000e-01
   1.7985333e-01
   1.7602667e-01
   1.7220000e-01
   1.6837333e-01
   1.6454667e-01
   1.6072000e-01
   1.5689333e-01
   1.5306667e-01
   1.4924000e-01
   1.4541333e-01
   1.4158667e-01
   1.3776000e-01
   1.3393333e-01
   1.3010667e-01
   1.2628000e-01
   1.2245333e-01
   1.1862667e-01
   1.1480000e-01
   1.1097333e-01
   1.0714667e-01
   1.0332000e-01
   9.9493333e-02
   9.5666667e-02
   9.1840000e-02
   8.8013333e-02
   8.4186667e-02
   8.0360000e-02
   7.6533333e-02
   7.2706667e-02
   6.8880000e-02
   6.5053333e-02
   6.1226667e-02
   5.7400000e-02
   5.3573333e-02
   4.9746667e-02
   4.5920000e-02
   4.2093333e-02
   3.8266667e-02
   3.4440000e-02
   3.0613333e-02
   2.6786667e-02
   2.2960000e-02
   1.9133333e-02
   1.5306667e-02
   1.1480000e-02
   7.6533333e-03
