   9.2800000e+02
   3.0000000e+02
   0.0000000e+00
   1.5355030e+00
   3.0650888e+00
   4.5887574e+00
   6.1065089e+00
   7.6183432e+00
   9.1242604e+00
   1.0624260e+01
   1.2118343e+01
   1.3606509e+01
   1.5088757e+01
   1.6565089e+01
   1.8035503e+01
   1.9500000e+01
   2.0958580e+01
   2.2411243e+01
   2.3857988e+01
   2.5298817e+01
   2.6733728e+01
   2.8162722e+01
   2.9585799e+01
   3.1002959e+01
   3.2414201e+01
   3.3819527e+01
   3.5218935e+01
   3.6612426e+01
   3.8000000e+01
   3.9381657e+01
   4.0757396e+01
   4.2127219e+01
   4.3491124e+01
   4.4849112e+01
   4.6201183e+01
   4.7547337e+01
   4.8887574e+01
   5.0221893e+01
   5.1550296e+01
   5.2872781e+01
   5.4189349e+01
   5.5500000e+01
   5.6804734e+01
   5.8103550e+01
   5.9396450e+01
   6.0683432e+01
   6.1964497e+01
   6.3239645e+01
   6.4508876e+01
   6.5772189e+01
   6.7029586e+01
   6.8281065e+01
   6.9526627e+01
   7.0766272e+01
   7.2000000e+01
   7.3227811e+01
   7.4449704e+01
   7.5665680e+01
   7.6875740e+01
   7.8079882e+01
   7.9278107e+01
   8.0470414e+01
   8.1656805e+01
   8.2837278e+01
   8.4011834e+01
   8.5180473e+01
   8.6343195e+01
   8.7500000e+01
   8.8650888e+01
   8.9795858e+01
   9.0934911e+01
   9.2068047e+01
   9.3195266e+01
   9.4316568e+01
   9.5431953e+01
   9.6541420e+01
   9.7644970e+01
   9.8742604e+01
   9.9834320e+01
   1.0092012e+02
   1.0200000e+02
   1.0307396e+02
   1.0414201e+02
   1.0520414e+02
   1.0626036e+02
   1.0731065e+02
   1.0835503e+02
   1.0939349e+02
   1.1042604e+02
   1.1145266e+02
   1.1247337e+02
   1.1348817e+02
   1.1449704e+02
   1.1550000e+02
   1.1649704e+02
   1.1748817e+02
   1.1847337e+02
   1.1945266e+02
   1.2042604e+02
   1.2139349e+02
   1.2235503e+02
   1.2331065e+02
   1.2426036e+02
   1.2520414e+02
   1.2614201e+02
   1.2707396e+02
   1.2800000e+02
   1.2892012e+02
   1.2983432e+02
   1.3074260e+02
   1.3164497e+02
   1.3254142e+02
   1.3343195e+02
   1.3431657e+02
   1.3519527e+02
   1.3606805e+02
   1.3693491e+02
   1.3779586e+02
   1.3865089e+02
   1.3950000e+02
   1.4034320e+02
   1.4118047e+02
   1.4201183e+02
   1.4283728e+02
   1.4365680e+02
   1.4447041e+02
   1.4527811e+02
   1.4607988e+02
   1.4687574e+02
   1.4766568e+02
   1.4844970e+02
   1.4922781e+02
   1.5000000e+02
   1.5076627e+02
   1.5152663e+02
   1.5228107e+02
   1.5302959e+02
   1.5377219e+02
   1.5450888e+02
   1.5523964e+02
   1.5596450e+02
   1.5668343e+02
   1.5739645e+02
   1.5810355e+02
   1.5880473e+02
   1.5950000e+02
   1.6018935e+02
   1.6087278e+02
   1.6155030e+02
   1.6222189e+02
   1.6288757e+02
   1.6354734e+02
   1.6420118e+02
   1.6484911e+02
   1.6549112e+02
   1.6612722e+02
   1.6675740e+02
   1.6738166e+02
   1.6800000e+02
   1.6861243e+02
   1.6921893e+02
   1.6981953e+02
   1.7041420e+02
   1.7100296e+02
   1.7158580e+02
   1.7216272e+02
   1.7273373e+02
   1.7329882e+02
   1.7385799e+02
   1.7441124e+02
   1.7495858e+02
   1.7550000e+02
   1.7603550e+02
   1.7656509e+02
   1.7708876e+02
   1.7760651e+02
   1.7811834e+02
   1.7862426e+02
   1.7912426e+02
   1.7961834e+02
   1.8010651e+02
   1.8058876e+02
   1.8106509e+02
   1.8153550e+02
   1.8200000e+02
   1.8245858e+02
   1.8291124e+02
   1.8335799e+02
   1.8379882e+02
   1.8423373e+02
   1.8466272e+02
   1.8508580e+02
   1.8550296e+02
   1.8591420e+02
   1.8631953e+02
   1.8671893e+02
   1.8711243e+02
   1.8750000e+02
   1.8788166e+02
   1.8825740e+02
   1.8862722e+02
   1.8899112e+02
   1.8934911e+02
   1.8970118e+02
   1.9004734e+02
   1.9038757e+02
   1.9072189e+02
   1.9105030e+02
   1.9137278e+02
   1.9168935e+02
   1.9200000e+02
   1.9230473e+02
   1.9260355e+02
   1.9289645e+02
   1.9318343e+02
   1.9346450e+02
   1.9373964e+02
   1.9400888e+02
   1.9427219e+02
   1.9452959e+02
   1.9478107e+02
   1.9502663e+02
   1.9526627e+02
   1.9550000e+02
   1.9572781e+02
   1.9594970e+02
   1.9616568e+02
   1.9637574e+02
   1.9657988e+02
   1.9677811e+02
   1.9697041e+02
   1.9715680e+02
   1.9733728e+02
   1.9751183e+02
   1.9768047e+02
   1.9784320e+02
   1.9800000e+02
   1.9815089e+02
   1.9829586e+02
   1.9843491e+02
   1.9856805e+02
   1.9869527e+02
   1.9881657e+02
   1.9893195e+02
   1.9904142e+02
   1.9914497e+02
   1.9924260e+02
   1.9933432e+02
   1.9942012e+02
   1.9950000e+02
   1.9957396e+02
   1.9964201e+02
   1.9970414e+02
   1.9976036e+02
   1.9981065e+02
   1.9985503e+02
   1.9989349e+02
   1.9992604e+02
   1.9995266e+02
   1.9997337e+02
   1.9998817e+02
   1.9999704e+02
   2.0000000e+02
   2.0000000e+02
   2.0000000e+02
   2.0000000e+02
   2.0000000e+02
   2.0000000e+02
   2.0000000e+02
   2.0000000e+02
   2.0000000e+02
   2.0000000e+02
   2.0000000e+02
   2.0000000e+02
   2.0000000e+02
   2.0000000e+02
   2.0000000e+02
   2.0000000e+02
   2.0000000e+02
   2.0000000e+02
   2.0000000e+02
   2.0000000e+02
   2.0000000e+02
   2.0000000e+02
   2.0000000e+02
   2.0000000e+02
   2.0000000e+02
   2.0000000e+02
   2.0000000e+02
   2.0000000e+02
   2.0000000e+02
   2.0000000e+02
   2.0000000e+02
   2.0000000e+02
   2.0000000e+02
   2.0000000e+02
   2.0000000e+02
   2.0000000e+02
   2.0000000e+02
   2.0000000e+02
   2.0000000e+02
   2.0000000e+02
   2.0000000e+02
   2.3000000e+02
   2.3000170e+02
   2.3000680e+02
   2.3001530e+02
   2.3002720e+02
   2.3004250e+02
   2.3006120e+02
   2.3008330e+02
   2.3010880e+02
   2.3013770e+02
   2.3017000e+02
   2.3020570e+02
   2.3024480e+02
   2.3028730e+02
   2.3033320e+02
   2.3038250e+02
   2.3043520e+02
   2.3049130e+02
   2.3055080e+02
   2.3061370e+02
   2.3068000e+02
   2.3074970e+02
   2.3082280e+02
   2.3089930e+02
   2.3097920e+02
   2.3106250e+02
   2.3114920e+02
   2.3123930e+02
   2.3133280e+02
   2.3142970e+02
   2.3153000e+02
   2.3163370e+02
   2.3174080e+02
   2.3185130e+02
   2.3196520e+02
   2.3208250e+02
   2.3220320e+02
   2.3232730e+02
   2.3245480e+02
   2.3258570e+02
   2.3272000e+02
   2.3285770e+02
   2.3299880e+02
   2.3314330e+02
   2.3329120e+02
   2.3344250e+02
   2.3359720e+02
   2.3375530e+02
   2.3391680e+02
   2.3408170e+02
   2.3425000e+02
   2.3442170e+02
   2.3459680e+02
   2.3477530e+02
   2.3495720e+02
   2.3514250e+02
   2.3533120e+02
   2.3552330e+02
   2.3571880e+02
   2.3591770e+02
   2.3612000e+02
   2.3632570e+02
   2.3653480e+02
   2.3674730e+02
   2.3696320e+02
   2.3718250e+02
   2.3740520e+02
   2.3763130e+02
   2.3786080e+02
   2.3809370e+02
   2.3833000e+02
   2.3856970e+02
   2.3881280e+02
   2.3905930e+02
   2.3930920e+02
   2.3956250e+02
   2.3981920e+02
   2.4007930e+02
   2.4034280e+02
   2.4060970e+02
   2.4088000e+02
   2.4115370e+02
   2.4143080e+02
   2.4171130e+02
   2.4199520e+02
   2.4228250e+02
   2.4257320e+02
   2.4286730e+02
   2.4316480e+02
   2.4346570e+02
   2.4377000e+02
   2.4407770e+02
   2.4438880e+02
   2.4470330e+02
   2.4502120e+02
   2.4534250e+02
   2.4566720e+02
   2.4599530e+02
   2.4632680e+02
   2.4666170e+02
   2.4700000e+02
   2.4734170e+02
   2.4768680e+02
   2.4803530e+02
   2.4838720e+02
   2.4874250e+02
   2.4910120e+02
   2.4946330e+02
   2.4982880e+02
   2.5019770e+02
   2.5057000e+02
   2.5094570e+02
   2.5132480e+02
   2.5170730e+02
   2.5209320e+02
   2.5248250e+02
   2.5287520e+02
   2.5327130e+02
   2.5367080e+02
   2.5407370e+02
   2.5448000e+02
   2.5488970e+02
   2.5530280e+02
   2.5571930e+02
   2.5613920e+02
   2.5656250e+02
   2.5698920e+02
   2.5741930e+02
   2.5785280e+02
   2.5828970e+02
   2.5873000e+02
   2.5917370e+02
   2.5962080e+02
   2.6007130e+02
   2.6052520e+02
   2.6098250e+02
   2.6144320e+02
   2.6190730e+02
   2.6237480e+02
   2.6284570e+02
   2.6332000e+02
   2.6379770e+02
   2.6427880e+02
   2.6476330e+02
   2.6525120e+02
   2.6574250e+02
   2.6623720e+02
   2.6673530e+02
   2.6723680e+02
   2.6774170e+02
   2.6825000e+02
   2.6876170e+02
   2.6927680e+02
   2.6979530e+02
   2.7031720e+02
   2.7084250e+02
   2.7137120e+02
   2.7190330e+02
   2.7243880e+02
   2.7297770e+02
   2.7352000e+02
   2.7406570e+02
   2.7461480e+02
   2.7516730e+02
   2.7572320e+02
   2.7628250e+02
   2.7684520e+02
   2.7741130e+02
   2.7798080e+02
   2.7855370e+02
   2.7913000e+02
   2.7970970e+02
   2.8029280e+02
   2.8087930e+02
   2.8146920e+02
   2.8206250e+02
   2.8265920e+02
   2.8325930e+02
   2.8386280e+02
   2.8446970e+02
   2.8508000e+02
   2.8569370e+02
   2.8631080e+02
   2.8693130e+02
   2.8755520e+02
   2.8818250e+02
   2.8881320e+02
   2.8944730e+02
   2.9008480e+02
   2.9072570e+02
   2.9137000e+02
   2.9201770e+02
   2.9266880e+02
   2.9332330e+02
   2.9398120e+02
   2.9464250e+02
   2.9530720e+02
   2.9597530e+02
   2.9664680e+02
   2.9732170e+02
   2.9732170e+02
   2.9800170e+02
   2.9868170e+02
   2.9936170e+02
   3.0004170e+02
   3.0072170e+02
   3.0140170e+02
   3.0208170e+02
   3.0276170e+02
   3.0344170e+02
   3.0412170e+02
   3.0480170e+02
   3.0548170e+02
   3.0616170e+02
   3.0684170e+02
   3.0752170e+02
   3.0820170e+02
   3.0888170e+02
   3.0956170e+02
   3.1024170e+02
   3.1092170e+02
   3.1160170e+02
   3.1228170e+02
   3.1296170e+02
   3.1364170e+02
   3.1432170e+02
   3.1500170e+02
   3.1568170e+02
   3.1636170e+02
   3.1704170e+02
   3.1772170e+02
   3.1840170e+02
   3.1908170e+02
   3.1976170e+02
   3.2044170e+02
   3.2112170e+02
   3.2180170e+02
   3.2248170e+02
   3.2316170e+02
   3.2384170e+02
   3.2452170e+02
   3.2520170e+02
   3.2588170e+02
   3.2656170e+02
   3.2724170e+02
   3.2792170e+02
   3.2860170e+02
   3.2928170e+02
   3.2996170e+02
   3.3064170e+02
   3.3132170e+02
   3.3200170e+02
   3.3268170e+02
   3.3336170e+02
   3.3404170e+02
   3.3472170e+02
   3.3540170e+02
   3.3608170e+02
   3.3676170e+02
   3.3744170e+02
   3.3812170e+02
   3.3880170e+02
   3.3948170e+02
   3.4016170e+02
   3.4084170e+02
   3.4152170e+02
   3.4220170e+02
   3.4288170e+02
   3.4356170e+02
   3.4424170e+02
   3.4492170e+02
   3.4560170e+02
   3.4628170e+02
   3.4696170e+02
   3.4764170e+02
   3.4832170e+02
   3.4900170e+02
   3.4968170e+02
   3.5036170e+02
   3.5104170e+02
   3.5172170e+02
   3.5240170e+02
   3.5308170e+02
   3.5376170e+02
   3.5444170e+02
   3.5512170e+02
   3.5580170e+02
   3.5648170e+02
   3.5716170e+02
   3.5784170e+02
   3.5852170e+02
   3.5920170e+02
   3.5988170e+02
   3.6056170e+02
   3.6124170e+02
   3.6192170e+02
   3.6260170e+02
   3.6328170e+02
   3.6396170e+02
   3.6464170e+02
   3.6532170e+02
   3.6600170e+02
   3.6668170e+02
   3.6736170e+02
   3.6804170e+02
   3.6872170e+02
   3.6940170e+02
   3.7008170e+02
   3.7076170e+02
   3.7144170e+02
   3.7212170e+02
   3.7280170e+02
   3.7348170e+02
   3.7416170e+02
   3.7484170e+02
   3.7552170e+02
   3.7620170e+02
   3.7688170e+02
   3.7756170e+02
   3.7824170e+02
   3.7892170e+02
   3.7960170e+02
   3.8028170e+02
   3.8096170e+02
   3.8164170e+02
   3.8232170e+02
   3.8300170e+02
   3.8368170e+02
   3.8436170e+02
   3.8504170e+02
   3.8572170e+02
   3.8640170e+02
   3.8708170e+02
   3.8776170e+02
   3.8844170e+02
   3.8912170e+02
   3.8980170e+02
   3.9048170e+02
   3.9116170e+02
   3.9184170e+02
   3.9252170e+02
   3.9320170e+02
   3.9388170e+02
   3.9456170e+02
   3.9524170e+02
   3.9592170e+02
   3.9660170e+02
   3.9728170e+02
   3.9796170e+02
   3.9864170e+02
   3.9932170e+02
   4.0000170e+02
   4.0068170e+02
   4.0136170e+02
   4.0204170e+02
   4.0272170e+02
   4.0340170e+02
   4.0408170e+02
   4.0476170e+02
   4.0544170e+02
   4.0612170e+02
   4.0680170e+02
   4.0748170e+02
   4.0816170e+02
   4.0884170e+02
   4.0952170e+02
   4.1020170e+02
   4.1088170e+02
   4.1156170e+02
   4.1224170e+02
   4.1292170e+02
   4.1360170e+02
   4.1428170e+02
   4.1496170e+02
   4.1564170e+02
   4.1632170e+02
   4.1700170e+02
   4.1768170e+02
   4.1836170e+02
   4.1904170e+02
   4.1972170e+02
   4.2040170e+02
   4.2108170e+02
   4.2176170e+02
   4.2244170e+02
   4.2312170e+02
   4.2380170e+02
   4.2448170e+02
   4.2516170e+02
   4.2584170e+02
   4.2652170e+02
   4.2720170e+02
   4.2788170e+02
   4.2856170e+02
   4.2924170e+02
   4.2992170e+02
   4.3060170e+02
   4.3128170e+02
   4.3196170e+02
   4.3264170e+02
   4.3332170e+02
   4.3400170e+02
   4.3468170e+02
   4.3536170e+02
   4.3604170e+02
   4.3672170e+02
   4.3740170e+02
   4.3808170e+02
   4.3876170e+02
   4.3944170e+02
   4.4012170e+02
   4.4080170e+02
   4.4148170e+02
   4.4216170e+02
   4.4284170e+02
   4.4352170e+02
   4.4420170e+02
   4.4488170e+02
   4.4556170e+02
   4.4624170e+02
   4.4692170e+02
   4.4760170e+02
   4.4828170e+02
   4.4896170e+02
   4.4964170e+02
   4.5032170e+02
   4.5100170e+02
   4.5168170e+02
   4.5236170e+02
   4.5304170e+02
   4.5372170e+02
   4.5440170e+02
   4.5508170e+02
   4.5576170e+02
   4.5644170e+02
   4.5712170e+02
   4.5780170e+02
   4.5848170e+02
   4.5916170e+02
   4.5984170e+02
   4.6052170e+02
   4.6120170e+02
   4.6188170e+02
   4.6256170e+02
   4.6324170e+02
   4.6392170e+02
   4.6460170e+02
   4.6528170e+02
   4.6596170e+02
   4.6664170e+02
   4.6732170e+02
   4.6800170e+02
   4.6868170e+02
   4.6936170e+02
   4.7004170e+02
   4.7072170e+02
   4.7140170e+02
   4.7208170e+02
   4.7276170e+02
   4.7344170e+02
   4.7412170e+02
   4.7480170e+02
   4.7548170e+02
   4.7616170e+02
   4.7684170e+02
   4.7752170e+02
   4.7820170e+02
   4.7888170e+02
   4.7956170e+02
   4.8024170e+02
   4.8092170e+02
   4.8160170e+02
   4.8228170e+02
   4.8296170e+02
   4.8364170e+02
   4.8432170e+02
   4.8500170e+02
   4.8568170e+02
   4.8636170e+02
   4.8704170e+02
   4.8772170e+02
   4.8840170e+02
   4.8908170e+02
   4.8976170e+02
   4.9044170e+02
   4.9112170e+02
   4.9180170e+02
   4.9248170e+02
   4.9316170e+02
   4.9384170e+02
   4.9452170e+02
   4.9520170e+02
   4.9588170e+02
   4.9656170e+02
   4.9724170e+02
   4.9792170e+02
   4.9860170e+02
   4.9928170e+02
   4.9996170e+02
   5.0064170e+02
   5.0132170e+02
   5.0200170e+02
   5.0268170e+02
   5.0336170e+02
   5.0404170e+02
   5.0472170e+02
   5.0540170e+02
   5.0608170e+02
   5.0676170e+02
   5.0744170e+02
   5.0812170e+02
   5.0880170e+02
   5.0948170e+02
   5.1016170e+02
   5.1084170e+02
   5.1152170e+02
   5.1220170e+02
   5.1288170e+02
   5.1356170e+02
   5.1424170e+02
   5.1492170e+02
   5.1560170e+02
   5.1628170e+02
   5.1696170e+02
   5.1764170e+02
   5.1832170e+02
   5.1900170e+02
   5.1968170e+02
   5.2036170e+02
   5.2104170e+02
   5.2172170e+02
   5.2240170e+02
   5.2308170e+02
   5.2376170e+02
   5.2444170e+02
   5.2512170e+02
   5.2580170e+02
   5.2648170e+02
   5.2716170e+02
   5.2784170e+02
   5.2852170e+02
   5.2920170e+02
   5.2988170e+02
   5.3056170e+02
   5.3124170e+02
   5.3192170e+02
   5.3260170e+02
   5.3328170e+02
   5.3396170e+02
   5.3464170e+02
   5.3532170e+02
   5.3600170e+02
   5.3668170e+02
   5.3736170e+02
   5.3804170e+02
   5.3872170e+02
   5.3940170e+02
   5.4008170e+02
   5.4076170e+02
   5.4144170e+02
   5.4212170e+02
   5.4280170e+02
   5.4348170e+02
   5.4416170e+02
   5.4484170e+02
   5.4552170e+02
   5.4620170e+02
   5.4688170e+02
   5.4756170e+02
   5.4824170e+02
   5.4892170e+02
   5.4960170e+02
   5.5028170e+02
   5.5096170e+02
   5.5164170e+02
   5.5232170e+02
   5.5300170e+02
   5.5368170e+02
   5.5436170e+02
   5.5504170e+02
   5.5572170e+02
   5.5640170e+02
   5.5708170e+02
   5.5776170e+02
   5.5844170e+02
   5.5912170e+02
   5.5980170e+02
   5.6048170e+02
   5.6116170e+02
   5.6184170e+02
   5.6252170e+02
   5.6320170e+02
   5.6388170e+02
   5.6456170e+02
   5.6524170e+02
   5.6592170e+02
   5.6660170e+02
   5.6728170e+02
   5.6796170e+02
   5.6864170e+02
   5.6932170e+02
   5.7000170e+02
   5.7068170e+02
   5.7136170e+02
   5.7204170e+02
   5.7272170e+02
   5.7340170e+02
   5.7408170e+02
   5.7476170e+02
   5.7544170e+02
   5.7612170e+02
   5.7680170e+02
   5.7748170e+02
   5.7816170e+02
   5.7884170e+02
   5.7952170e+02
   5.8020170e+02
   5.8088170e+02
   5.8156170e+02
   5.8224170e+02
   5.8292170e+02
   5.8360170e+02
   5.8428170e+02
   5.8496170e+02
   5.8564170e+02
   5.8632170e+02
   5.8700170e+02
   5.8768170e+02
   5.8768170e+02
   5.8836057e+02
   5.8903717e+02
   5.8971150e+02
   5.9038357e+02
   5.9105337e+02
   5.9172090e+02
   5.9238617e+02
   5.9304917e+02
   5.9370990e+02
   5.9436837e+02
   5.9502457e+02
   5.9567850e+02
   5.9633017e+02
   5.9697957e+02
   5.9762670e+02
   5.9827157e+02
   5.9891417e+02
   5.9955450e+02
   6.0019257e+02
   6.0082837e+02
   6.0146190e+02
   6.0209317e+02
   6.0272217e+02
   6.0334890e+02
   6.0397337e+02
   6.0459557e+02
   6.0521550e+02
   6.0583317e+02
   6.0644857e+02
   6.0706170e+02
   6.0767257e+02
   6.0828117e+02
   6.0888750e+02
   6.0949157e+02
   6.1009337e+02
   6.1069290e+02
   6.1129017e+02
   6.1188517e+02
   6.1247790e+02
   6.1306837e+02
   6.1365657e+02
   6.1424250e+02
   6.1482617e+02
   6.1540757e+02
   6.1598670e+02
   6.1656357e+02
   6.1713817e+02
   6.1771050e+02
   6.1828057e+02
   6.1884837e+02
   6.1941390e+02
   6.1997717e+02
   6.2053817e+02
   6.2109690e+02
   6.2165337e+02
   6.2220757e+02
   6.2275950e+02
   6.2330917e+02
   6.2385657e+02
   6.2440170e+02
   6.2494457e+02
   6.2548517e+02
   6.2602350e+02
   6.2655957e+02
   6.2709337e+02
   6.2762490e+02
   6.2815417e+02
   6.2868117e+02
   6.2920590e+02
   6.2972837e+02
   6.3024857e+02
   6.3076650e+02
   6.3128217e+02
   6.3179557e+02
   6.3230670e+02
   6.3281557e+02
   6.3332217e+02
   6.3382650e+02
   6.3432857e+02
   6.3482837e+02
   6.3532590e+02
   6.3582117e+02
   6.3631417e+02
   6.3680490e+02
   6.3729337e+02
   6.3777957e+02
   6.3826350e+02
   6.3874517e+02
   6.3922457e+02
   6.3970170e+02
   6.4017657e+02
   6.4064917e+02
   6.4111950e+02
   6.4158757e+02
   6.4205337e+02
   6.4251690e+02
   6.4297817e+02
   6.4343717e+02
   6.4389390e+02
   6.4434837e+02
   6.4480057e+02
   6.4525050e+02
   6.4569817e+02
   6.4614357e+02
   6.4658670e+02
   6.4702757e+02
   6.4746617e+02
   6.4790250e+02
   6.4833657e+02
   6.4876837e+02
   6.4919790e+02
   6.4962517e+02
   6.5005017e+02
   6.5047290e+02
   6.5089337e+02
   6.5131157e+02
   6.5172750e+02
   6.5214117e+02
   6.5255257e+02
   6.5296170e+02
   6.5336857e+02
   6.5377317e+02
   6.5417550e+02
   6.5457557e+02
   6.5497337e+02
   6.5536890e+02
   6.5576217e+02
   6.5615317e+02
   6.5654190e+02
   6.5692837e+02
   6.5731257e+02
   6.5769450e+02
   6.5807417e+02
   6.5845157e+02
   6.5882670e+02
   6.5919957e+02
   6.5957017e+02
   6.5993850e+02
   6.6030457e+02
   6.6066837e+02
   6.6102990e+02
   6.6138917e+02
   6.6174617e+02
   6.6210090e+02
   6.6245337e+02
   6.6280357e+02
   6.6315150e+02
   6.6349717e+02
   6.6384057e+02
   6.6418170e+02
   6.6452057e+02
   6.6485717e+02
   6.6519150e+02
   6.6552357e+02
   6.6585337e+02
   6.6618090e+02
   6.6650617e+02
   6.6682917e+02
   6.6714990e+02
   6.6746837e+02
   6.6778457e+02
   6.6809850e+02
   6.6841017e+02
   6.6871957e+02
   6.6902670e+02
   6.6933157e+02
   6.6963417e+02
   6.6993450e+02
   6.7023257e+02
   6.7052837e+02
   6.7082190e+02
   6.7111317e+02
   6.7140217e+02
   6.7168890e+02
   6.7197337e+02
   6.7225557e+02
   6.7253550e+02
   6.7281317e+02
   6.7308857e+02
   6.7336170e+02
   6.7363257e+02
   6.7390117e+02
   6.7416750e+02
   6.7443157e+02
   6.7469337e+02
   6.7495290e+02
   6.7521017e+02
   6.7546517e+02
   6.7571790e+02
   6.7596837e+02
   6.7621657e+02
   6.7646250e+02
   6.7670617e+02
   6.7694757e+02
   6.7718670e+02
   6.7742357e+02
   6.7765817e+02
   6.7789050e+02
   6.7812057e+02
   6.7834837e+02
   6.7857390e+02
   6.7879717e+02
   6.7901817e+02
   6.7923690e+02
   6.7945337e+02
   6.7966757e+02
   6.7987950e+02
   6.8008917e+02
   6.8029657e+02
   6.8050170e+02
   6.8070457e+02
   6.8090517e+02
   6.8110350e+02
   6.8129957e+02
   6.8149337e+02
   6.8168490e+02
   6.8187417e+02
   6.8206117e+02
   6.8224590e+02
   6.8242837e+02
   6.8260857e+02
   6.8278650e+02
   6.8296217e+02
   6.8313557e+02
   6.8330670e+02
   6.8347557e+02
   6.8364217e+02
   6.8380650e+02
   6.8396857e+02
   6.8412837e+02
   6.8428590e+02
   6.8444117e+02
   6.8459417e+02
   6.8474490e+02
   6.8489337e+02
   6.8503957e+02
   6.8518350e+02
   6.8532517e+02
   6.8546457e+02
   6.8560170e+02
   6.8573657e+02
   6.8586917e+02
   6.8599950e+02
   6.8612757e+02
   6.8625337e+02
   6.8637690e+02
   6.8649817e+02
   6.8661717e+02
   6.8673390e+02
   6.8684837e+02
   6.8696057e+02
   6.8707050e+02
   6.8717817e+02
   6.8728357e+02
   6.8738670e+02
   6.8748757e+02
   6.8758617e+02
   6.8768250e+02
   6.8777657e+02
   6.8786837e+02
   6.8795790e+02
   6.8804517e+02
   6.8813017e+02
   6.8821290e+02
   6.8829337e+02
   6.8837157e+02
   6.8844750e+02
   6.8852117e+02
   6.8859257e+02
   6.8866170e+02
   6.8872857e+02
   6.8879317e+02
   6.8885550e+02
   6.8891557e+02
   6.8897337e+02
   6.8902890e+02
   6.8908217e+02
   6.8913317e+02
   6.8918190e+02
   6.8922837e+02
   6.8927257e+02
   6.8931450e+02
   6.8935417e+02
   6.8939157e+02
   6.8942670e+02
   6.8945957e+02
   6.8949017e+02
   6.8951850e+02
   6.8954457e+02
   6.8956837e+02
   6.8958990e+02
   6.8960917e+02
   6.8962617e+02
   6.8964090e+02
   6.8965337e+02
   6.8966357e+02
   6.8967150e+02
   6.8967717e+02
   6.8968057e+02
   1.5384615e+00
   1.5325444e+00
   1.5266272e+00
   1.5207101e+00
   1.5147929e+00
   1.5088757e+00
   1.5029586e+00
   1.4970414e+00
   1.4911243e+00
   1.4852071e+00
   1.4792899e+00
   1.4733728e+00
   1.4674556e+00
   1.4615385e+00
   1.4556213e+00
   1.4497041e+00
   1.4437870e+00
   1.4378698e+00
   1.4319527e+00
   1.4260355e+00
   1.4201183e+00
   1.4142012e+00
   1.4082840e+00
   1.4023669e+00
   1.3964497e+00
   1.3905325e+00
   1.3846154e+00
   1.3786982e+00
   1.3727811e+00
   1.3668639e+00
   1.3609467e+00
   1.3550296e+00
   1.3491124e+00
   1.3431953e+00
   1.3372781e+00
   1.3313609e+00
   1.3254438e+00
   1.3195266e+00
   1.3136095e+00
   1.3076923e+00
   1.3017751e+00
   1.2958580e+00
   1.2899408e+00
   1.2840237e+00
   1.2781065e+00
   1.2721893e+00
   1.2662722e+00
   1.2603550e+00
   1.2544379e+00
   1.2485207e+00
   1.2426036e+00
   1.2366864e+00
   1.2307692e+00
   1.2248521e+00
   1.2189349e+00
   1.2130178e+00
   1.2071006e+00
   1.2011834e+00
   1.1952663e+00
   1.1893491e+00
   1.1834320e+00
   1.1775148e+00
   1.1715976e+00
   1.1656805e+00
   1.1597633e+00
   1.1538462e+00
   1.1479290e+00
   1.1420118e+00
   1.1360947e+00
   1.1301775e+00
   1.1242604e+00
   1.1183432e+00
   1.1124260e+00
   1.1065089e+00
   1.1005917e+00
   1.0946746e+00
   1.0887574e+00
   1.0828402e+00
   1.0769231e+00
   1.0710059e+00
   1.0650888e+00
   1.0591716e+00
   1.0532544e+00
   1.0473373e+00
   1.0414201e+00
   1.0355030e+00
   1.0295858e+00
   1.0236686e+00
   1.0177515e+00
   1.0118343e+00
   1.0059172e+00
   1.0000000e+00
   9.9408284e-01
   9.8816568e-01
   9.8224852e-01
   9.7633136e-01
   9.7041420e-01
   9.6449704e-01
   9.5857988e-01
   9.5266272e-01
   9.4674556e-01
   9.4082840e-01
   9.3491124e-01
   9.2899408e-01
   9.2307692e-01
   9.1715976e-01
   9.1124260e-01
   9.0532544e-01
   8.9940828e-01
   8.9349112e-01
   8.8757396e-01
   8.8165680e-01
   8.7573964e-01
   8.6982249e-01
   8.6390533e-01
   8.5798817e-01
   8.5207101e-01
   8.4615385e-01
   8.4023669e-01
   8.3431953e-01
   8.2840237e-01
   8.2248521e-01
   8.1656805e-01
   8.1065089e-01
   8.0473373e-01
   7.9881657e-01
   7.9289941e-01
   7.8698225e-01
   7.8106509e-01
   7.7514793e-01
   7.6923077e-01
   7.6331361e-01
   7.5739645e-01
   7.5147929e-01
   7.4556213e-01
   7.3964497e-01
   7.3372781e-01
   7.2781065e-01
   7.2189349e-01
   7.1597633e-01
   7.1005917e-01
   7.0414201e-01
   6.9822485e-01
   6.9230769e-01
   6.8639053e-01
   6.8047337e-01
   6.7455621e-01
   6.6863905e-01
   6.6272189e-01
   6.5680473e-01
   6.5088757e-01
   6.4497041e-01
   6.3905325e-01
   6.3313609e-01
   6.2721893e-01
   6.2130178e-01
   6.1538462e-01
   6.0946746e-01
   6.0355030e-01
   5.9763314e-01
   5.9171598e-01
   5.8579882e-01
   5.7988166e-01
   5.7396450e-01
   5.6804734e-01
   5.6213018e-01
   5.5621302e-01
   5.5029586e-01
   5.4437870e-01
   5.3846154e-01
   5.3254438e-01
   5.2662722e-01
   5.2071006e-01
   5.1479290e-01
   5.0887574e-01
   5.0295858e-01
   4.9704142e-01
   4.9112426e-01
   4.8520710e-01
   4.7928994e-01
   4.7337278e-01
   4.6745562e-01
   4.6153846e-01
   4.5562130e-01
   4.4970414e-01
   4.4378698e-01
   4.3786982e-01
   4.3195266e-01
   4.2603550e-01
   4.2011834e-01
   4.1420118e-01
   4.0828402e-01
   4.0236686e-01
   3.9644970e-01
   3.9053254e-01
   3.8461538e-01
   3.7869822e-01
   3.7278107e-01
   3.6686391e-01
   3.6094675e-01
   3.5502959e-01
   3.4911243e-01
   3.4319527e-01
   3.3727811e-01
   3.3136095e-01
   3.2544379e-01
   3.1952663e-01
   3.1360947e-01
   3.0769231e-01
   3.0177515e-01
   2.9585799e-01
   2.8994083e-01
   2.8402367e-01
   2.7810651e-01
   2.7218935e-01
   2.6627219e-01
   2.6035503e-01
   2.5443787e-01
   2.4852071e-01
   2.4260355e-01
   2.3668639e-01
   2.3076923e-01
   2.2485207e-01
   2.1893491e-01
   2.1301775e-01
   2.0710059e-01
   2.0118343e-01
   1.9526627e-01
   1.8934911e-01
   1.8343195e-01
   1.7751479e-01
   1.7159763e-01
   1.6568047e-01
   1.5976331e-01
   1.5384615e-01
   1.4792899e-01
   1.4201183e-01
   1.3609467e-01
   1.3017751e-01
   1.2426036e-01
   1.1834320e-01
   1.1242604e-01
   1.0650888e-01
   1.0059172e-01
   9.4674556e-02
   8.8757396e-02
   8.2840237e-02
   7.6923077e-02
   7.1005917e-02
   6.5088757e-02
   5.9171598e-02
   5.3254438e-02
   4.7337278e-02
   4.1420118e-02
   3.5502959e-02
   2.9585799e-02
   2.3668639e-02
   1.7751479e-02
   1.1834320e-02
   5.9171598e-03
   0.0000000e+00
   0.0000000e+00
   0.0000000e+00
   0.0000000e+00
   0.0000000e+00
   0.0000000e+00
   0.0000000e+00
   0.0000000e+00
   0.0000000e+00
   0.0000000e+00
   0.0000000e+00
   0.0000000e+00
   0.0000000e+00
   0.0000000e+00
   0.0000000e+00
   0.0000000e+00
   0.0000000e+00
   0.0000000e+00
   0.0000000e+00
   0.0000000e+00
   0.0000000e+00
   0.0000000e+00
   0.0000000e+00
   0.0000000e+00
   0.0000000e+00
   0.0000000e+00
   0.0000000e+00
   0.0000000e+00
   0.0000000e+00
   0.0000000e+00
   0.0000000e+00
   0.0000000e+00
   0.0000000e+00
   0.0000000e+00
   0.0000000e+00
   0.0000000e+00
   0.0000000e+00
   0.0000000e+00
   0.0000000e+00
   0.0000000e+00
   0.0000000e+00
   0.0000000e+00
   3.4000000e-03
   6.8000000e-03
   1.0200000e-02
   1.3600000e-02
   1.7000000e-02
   2.0400000e-02
   2.3800000e-02
   2.7200000e-02
   3.0600000e-02
   3.4000000e-02
   3.7400000e-02
   4.0800000e-02
   4.4200000e-02
   4.7600000e-02
   5.1000000e-02
   5.4400000e-02
   5.7800000e-02
   6.1200000e-02
   6.4600000e-02
   6.8000000e-02
   7.1400000e-02
   7.4800000e-02
   7.8200000e-02
   8.1600000e-02
   8.5000000e-02
   8.8400000e-02
   9.1800000e-02
   9.5200000e-02
   9.8600000e-02
   1.0200000e-01
   1.0540000e-01
   1.0880000e-01
   1.1220000e-01
   1.1560000e-01
   1.1900000e-01
   1.2240000e-01
   1.2580000e-01
   1.2920000e-01
   1.3260000e-01
   1.3600000e-01
   1.3940000e-01
   1.4280000e-01
   1.4620000e-01
   1.4960000e-01
   1.5300000e-01
   1.5640000e-01
   1.5980000e-01
   1.6320000e-01
   1.6660000e-01
   1.7000000e-01
   1.7340000e-01
   1.7680000e-01
   1.8020000e-01
   1.8360000e-01
   1.8700000e-01
   1.9040000e-01
   1.9380000e-01
   1.9720000e-01
   2.0060000e-01
   2.0400000e-01
   2.0740000e-01
   2.1080000e-01
   2.1420000e-01
   2.1760000e-01
   2.2100000e-01
   2.2440000e-01
   2.2780000e-01
   2.3120000e-01
   2.3460000e-01
   2.3800000e-01
   2.4140000e-01
   2.4480000e-01
   2.4820000e-01
   2.5160000e-01
   2.5500000e-01
   2.5840000e-01
   2.6180000e-01
   2.6520000e-01
   2.6860000e-01
   2.7200000e-01
   2.7540000e-01
   2.7880000e-01
   2.8220000e-01
   2.8560000e-01
   2.8900000e-01
   2.9240000e-01
   2.9580000e-01
   2.9920000e-01
   3.0260000e-01
   3.0600000e-01
   3.0940000e-01
   3.1280000e-01
   3.1620000e-01
   3.1960000e-01
   3.2300000e-01
   3.2640000e-01
   3.2980000e-01
   3.3320000e-01
   3.3660000e-01
   3.4000000e-01
   3.4340000e-01
   3.4680000e-01
   3.5020000e-01
   3.5360000e-01
   3.5700000e-01
   3.6040000e-01
   3.6380000e-01
   3.6720000e-01
   3.7060000e-01
   3.7400000e-01
   3.7740000e-01
   3.8080000e-01
   3.8420000e-01
   3.8760000e-01
   3.9100000e-01
   3.9440000e-01
   3.9780000e-01
   4.0120000e-01
   4.0460000e-01
   4.0800000e-01
   4.1140000e-01
   4.1480000e-01
   4.1820000e-01
   4.2160000e-01
   4.2500000e-01
   4.2840000e-01
   4.3180000e-01
   4.3520000e-01
   4.3860000e-01
   4.4200000e-01
   4.4540000e-01
   4.4880000e-01
   4.5220000e-01
   4.5560000e-01
   4.5900000e-01
   4.6240000e-01
   4.6580000e-01
   4.6920000e-01
   4.7260000e-01
   4.7600000e-01
   4.7940000e-01
   4.8280000e-01
   4.8620000e-01
   4.8960000e-01
   4.9300000e-01
   4.9640000e-01
   4.9980000e-01
   5.0320000e-01
   5.0660000e-01
   5.1000000e-01
   5.1340000e-01
   5.1680000e-01
   5.2020000e-01
   5.2360000e-01
   5.2700000e-01
   5.3040000e-01
   5.3380000e-01
   5.3720000e-01
   5.4060000e-01
   5.4400000e-01
   5.4740000e-01
   5.5080000e-01
   5.5420000e-01
   5.5760000e-01
   5.6100000e-01
   5.6440000e-01
   5.6780000e-01
   5.7120000e-01
   5.7460000e-01
   5.7800000e-01
   5.8140000e-01
   5.8480000e-01
   5.8820000e-01
   5.9160000e-01
   5.9500000e-01
   5.9840000e-01
   6.0180000e-01
   6.0520000e-01
   6.0860000e-01
   6.1200000e-01
   6.1540000e-01
   6.1880000e-01
   6.2220000e-01
   6.2560000e-01
   6.2900000e-01
   6.3240000e-01
   6.3580000e-01
   6.3920000e-01
   6.4260000e-01
   6.4600000e-01
   6.4940000e-01
   6.5280000e-01
   6.5620000e-01
   6.5960000e-01
   6.6300000e-01
   6.6640000e-01
   6.6980000e-01
   6.7320000e-01
   6.7660000e-01
   6.8000000e-01
   6.8000000e-01
   6.8000000e-01
   6.8000000e-01
   6.8000000e-01
   6.8000000e-01
   6.8000000e-01
   6.8000000e-01
   6.8000000e-01
   6.8000000e-01
   6.8000000e-01
   6.8000000e-01
   6.8000000e-01
   6.8000000e-01
   6.8000000e-01
   6.8000000e-01
   6.8000000e-01
   6.8000000e-01
   6.8000000e-01
   6.8000000e-01
   6.8000000e-01
   6.8000000e-01
   6.8000000e-01
   6.8000000e-01
   6.8000000e-01
   6.8000000e-01
   6.8000000e-01
   6.8000000e-01
   6.8000000e-01
   6.8000000e-01
   6.8000000e-01
   6.8000000e-01
   6.8000000e-01
   6.8000000e-01
   6.8000000e-01
   6.8000000e-01
   6.8000000e-01
   6.8000000e-01
   6.8000000e-01
   6.8000000e-01
   6.8000000e-01
   6.8000000e-01
   6.8000000e-01
   6.8000000e-01
   6.8000000e-01
   6.8000000e-01
   6.8000000e-01
   6.8000000e-01
   6.8000000e-01
   6.8000000e-01
   6.8000000e-01
   6.8000000e-01
   6.8000000e-01
   6.8000000e-01
   6.8000000e-01
   6.8000000e-01
   6.8000000e-01
   6.8000000e-01
   6.8000000e-01
   6.8000000e-01
   6.8000000e-01
   6.8000000e-01
   6.8000000e-01
   6.8000000e-01
   6.8000000e-01
   6.8000000e-01
   6.8000000e-01
   6.8000000e-01
   6.8000000e-01
   6.8000000e-01
   6.8000000e-01
   6.8000000e-01
   6.8000000e-01
   6.8000000e-01
   6.8000000e-01
   6.8000000e-01
   6.8000000e-01
   6.8000000e-01
   6.8000000e-01
   6.8000000e-01
   6.8000000e-01
   6.8000000e-01
   6.8000000e-01
   6.8000000e-01
   6.8000000e-01
   6.8000000e-01
   6.8000000e-01
   6.8000000e-01
   6.8000000e-01
   6.8000000e-01
   6.8000000e-01
   6.8000000e-01
   6.8000000e-01
   6.8000000e-01
   6.8000000e-01
   6.8000000e-01
   6.8000000e-01
   6.8000000e-01
   6.8000000e-01
   6.8000000e-01
   6.8000000e-01
   6.8000000e-01
   6.8000000e-01
   6.8000000e-01
   6.8000000e-01
   6.8000000e-01
   6.8000000e-01
   6.8000000e-01
   6.8000000e-01
   6.8000000e-01
   6.8000000e-01
   6.8000000e-01
   6.8000000e-01
   6.8000000e-01
   6.8000000e-01
   6.8000000e-01
   6.8000000e-01
   6.8000000e-01
   6.8000000e-01
   6.8000000e-01
   6.8000000e-01
   6.8000000e-01
   6.8000000e-01
   6.8000000e-01
   6.8000000e-01
   6.8000000e-01
   6.8000000e-01
   6.8000000e-01
   6.8000000e-01
   6.8000000e-01
   6.8000000e-01
   6.8000000e-01
   6.8000000e-01
   6.8000000e-01
   6.8000000e-01
   6.8000000e-01
   6.8000000e-01
   6.8000000e-01
   6.8000000e-01
   6.8000000e-01
   6.8000000e-01
   6.8000000e-01
   6.8000000e-01
   6.8000000e-01
   6.8000000e-01
   6.8000000e-01
   6.8000000e-01
   6.8000000e-01
   6.8000000e-01
   6.8000000e-01
   6.8000000e-01
   6.8000000e-01
   6.8000000e-01
   6.8000000e-01
   6.8000000e-01
   6.8000000e-01
   6.8000000e-01
   6.8000000e-01
   6.8000000e-01
   6.8000000e-01
   6.8000000e-01
   6.8000000e-01
   6.8000000e-01
   6.8000000e-01
   6.8000000e-01
   6.8000000e-01
   6.8000000e-01
   6.8000000e-01
   6.8000000e-01
   6.8000000e-01
   6.8000000e-01
   6.8000000e-01
   6.8000000e-01
   6.8000000e-01
   6.8000000e-01
   6.8000000e-01
   6.8000000e-01
   6.8000000e-01
   6.8000000e-01
   6.8000000e-01
   6.8000000e-01
   6.8000000e-01
   6.8000000e-01
   6.8000000e-01
   6.8000000e-01
   6.8000000e-01
   6.8000000e-01
   6.8000000e-01
   6.8000000e-01
   6.8000000e-01
   6.8000000e-01
   6.8000000e-01
   6.8000000e-01
   6.8000000e-01
   6.8000000e-01
   6.8000000e-01
   6.8000000e-01
   6.8000000e-01
   6.8000000e-01
   6.8000000e-01
   6.8000000e-01
   6.8000000e-01
   6.8000000e-01
   6.8000000e-01
   6.8000000e-01
   6.8000000e-01
   6.8000000e-01
   6.8000000e-01
   6.8000000e-01
   6.8000000e-01
   6.8000000e-01
   6.8000000e-01
   6.8000000e-01
   6.8000000e-01
   6.8000000e-01
   6.8000000e-01
   6.8000000e-01
   6.8000000e-01
   6.8000000e-01
   6.8000000e-01
   6.8000000e-01
   6.8000000e-01
   6.8000000e-01
   6.8000000e-01
   6.8000000e-01
   6.8000000e-01
   6.8000000e-01
   6.8000000e-01
   6.8000000e-01
   6.8000000e-01
   6.8000000e-01
   6.8000000e-01
   6.8000000e-01
   6.8000000e-01
   6.8000000e-01
   6.8000000e-01
   6.8000000e-01
   6.8000000e-01
   6.8000000e-01
   6.8000000e-01
   6.8000000e-01
   6.8000000e-01
   6.8000000e-01
   6.8000000e-01
   6.8000000e-01
   6.8000000e-01
   6.8000000e-01
   6.8000000e-01
   6.8000000e-01
   6.8000000e-01
   6.8000000e-01
   6.8000000e-01
   6.8000000e-01
   6.8000000e-01
   6.8000000e-01
   6.8000000e-01
   6.8000000e-01
   6.8000000e-01
   6.8000000e-01
   6.8000000e-01
   6.8000000e-01
   6.8000000e-01
   6.8000000e-01
   6.8000000e-01
   6.8000000e-01
   6.8000000e-01
   6.8000000e-01
   6.8000000e-01
   6.8000000e-01
   6.8000000e-01
   6.8000000e-01
   6.8000000e-01
   6.8000000e-01
   6.8000000e-01
   6.8000000e-01
   6.8000000e-01
   6.8000000e-01
   6.8000000e-01
   6.8000000e-01
   6.8000000e-01
   6.8000000e-01
   6.8000000e-01
   6.8000000e-01
   6.8000000e-01
   6.8000000e-01
   6.8000000e-01
   6.8000000e-01
   6.8000000e-01
   6.8000000e-01
   6.8000000e-01
   6.8000000e-01
   6.8000000e-01
   6.8000000e-01
   6.8000000e-01
   6.8000000e-01
   6.8000000e-01
   6.8000000e-01
   6.8000000e-01
   6.8000000e-01
   6.8000000e-01
   6.8000000e-01
   6.8000000e-01
   6.8000000e-01
   6.8000000e-01
   6.8000000e-01
   6.8000000e-01
   6.8000000e-01
   6.8000000e-01
   6.8000000e-01
   6.8000000e-01
   6.8000000e-01
   6.8000000e-01
   6.8000000e-01
   6.8000000e-01
   6.8000000e-01
   6.8000000e-01
   6.8000000e-01
   6.8000000e-01
   6.8000000e-01
   6.8000000e-01
   6.8000000e-01
   6.8000000e-01
   6.8000000e-01
   6.8000000e-01
   6.8000000e-01
   6.8000000e-01
   6.8000000e-01
   6.8000000e-01
   6.8000000e-01
   6.8000000e-01
   6.8000000e-01
   6.8000000e-01
   6.8000000e-01
   6.8000000e-01
   6.8000000e-01
   6.8000000e-01
   6.8000000e-01
   6.8000000e-01
   6.8000000e-01
   6.8000000e-01
   6.8000000e-01
   6.8000000e-01
   6.8000000e-01
   6.8000000e-01
   6.8000000e-01
   6.8000000e-01
   6.8000000e-01
   6.8000000e-01
   6.8000000e-01
   6.8000000e-01
   6.8000000e-01
   6.8000000e-01
   6.8000000e-01
   6.8000000e-01
   6.8000000e-01
   6.8000000e-01
   6.8000000e-01
   6.8000000e-01
   6.8000000e-01
   6.8000000e-01
   6.8000000e-01
   6.8000000e-01
   6.8000000e-01
   6.8000000e-01
   6.8000000e-01
   6.8000000e-01
   6.8000000e-01
   6.8000000e-01
   6.8000000e-01
   6.8000000e-01
   6.8000000e-01
   6.8000000e-01
   6.8000000e-01
   6.8000000e-01
   6.8000000e-01
   6.8000000e-01
   6.8000000e-01
   6.8000000e-01
   6.8000000e-01
   6.8000000e-01
   6.8000000e-01
   6.8000000e-01
   6.8000000e-01
   6.8000000e-01
   6.8000000e-01
   6.8000000e-01
   6.8000000e-01
   6.8000000e-01
   6.8000000e-01
   6.8000000e-01
   6.8000000e-01
   6.8000000e-01
   6.8000000e-01
   6.8000000e-01
   6.8000000e-01
   6.8000000e-01
   6.8000000e-01
   6.8000000e-01
   6.8000000e-01
   6.8000000e-01
   6.8000000e-01
   6.8000000e-01
   6.8000000e-01
   6.8000000e-01
   6.8000000e-01
   6.8000000e-01
   6.8000000e-01
   6.8000000e-01
   6.8000000e-01
   6.8000000e-01
   6.8000000e-01
   6.8000000e-01
   6.8000000e-01
   6.8000000e-01
   6.8000000e-01
   6.8000000e-01
   6.8000000e-01
   6.8000000e-01
   6.8000000e-01
   6.8000000e-01
   6.8000000e-01
   6.8000000e-01
   6.8000000e-01
   6.8000000e-01
   6.8000000e-01
   6.8000000e-01
   6.8000000e-01
   6.8000000e-01
   6.8000000e-01
   6.8000000e-01
   6.7773333e-01
   6.7546667e-01
   6.7320000e-01
   6.7093333e-01
   6.6866667e-01
   6.6640000e-01
   6.6413333e-01
   6.6186667e-01
   6.5960000e-01
   6.5733333e-01
   6.5506667e-01
   6.5280000e-01
   6.5053333e-01
   6.4826667e-01
   6.4600000e-01
   6.4373333e-01
   6.4146667e-01
   6.3920000e-01
   6.3693333e-01
   6.3466667e-01
   6.3240000e-01
   6.3013333e-01
   6.2786667e-01
   6.2560000e-01
   6.2333333e-01
   6.2106667e-01
   6.1880000e-01
   6.1653333e-01
   6.1426667e-01
   6.1200000e-01
   6.0973333e-01
   6.0746667e-01
   6.0520000e-01
   6.0293333e-01
   6.0066667e-01
   5.9840000e-01
   5.9613333e-01
   5.9386667e-01
   5.9160000e-01
   5.8933333e-01
   5.8706667e-01
   5.8480000e-01
   5.8253333e-01
   5.8026667e-01
   5.7800000e-01
   5.7573333e-01
   5.7346667e-01
   5.7120000e-01
   5.6893333e-01
   5.6666667e-01
   5.6440000e-01
   5.6213333e-01
   5.5986667e-01
   5.5760000e-01
   5.5533333e-01
   5.5306667e-01
   5.5080000e-01
   5.4853333e-01
   5.4626667e-01
   5.4400000e-01
   5.4173333e-01
   5.3946667e-01
   5.3720000e-01
   5.3493333e-01
   5.3266667e-01
   5.3040000e-01
   5.2813333e-01
   5.2586667e-01
   5.2360000e-01
   5.2133333e-01
   5.1906667e-01
   5.1680000e-01
   5.1453333e-01
   5.1226667e-01
   5.1000000e-01
   5.0773333e-01
   5.0546667e-01
   5.0320000e-01
   5.0093333e-01
   4.9866667e-01
   4.9640000e-01
   4.9413333e-01
   4.9186667e-01
   4.8960000e-01
   4.8733333e-01
   4.8506667e-01
   4.8280000e-01
   4.8053333e-01
   4.7826667e-01
   4.7600000e-01
   4.7373333e-01
   4.7146667e-01
   4.6920000e-01
   4.6693333e-01
   4.6466667e-01
   4.6240000e-01
   4.6013333e-01
   4.5786667e-01
   4.5560000e-01
   4.5333333e-01
   4.5106667e-01
   4.4880000e-01
   4.4653333e-01
   4.4426667e-01
   4.4200000e-01
   4.3973333e-01
   4.3746667e-01
   4.3520000e-01
   4.3293333e-01
   4.3066667e-01
   4.2840000e-01
   4.2613333e-01
   4.2386667e-01
   4.2160000e-01
   4.1933333e-01
   4.1706667e-01
   4.1480000e-01
   4.1253333e-01
   4.1026667e-01
   4.0800000e-01
   4.0573333e-01
   4.0346667e-01
   4.0120000e-01
   3.9893333e-01
   3.9666667e-01
   3.9440000e-01
   3.9213333e-01
   3.8986667e-01
   3.8760000e-01
   3.8533333e-01
   3.8306667e-01
   3.8080000e-01
   3.7853333e-01
   3.7626667e-01
   3.7400000e-01
   3.7173333e-01
   3.6946667e-01
   3.6720000e-01
   3.6493333e-01
   3.6266667e-01
   3.6040000e-01
   3.5813333e-01
   3.5586667e-01
   3.5360000e-01
   3.5133333e-01
   3.4906667e-01
   3.4680000e-01
   3.4453333e-01
   3.4226667e-01
   3.4000000e-01
   3.3773333e-01
   3.3546667e-01
   3.3320000e-01
   3.3093333e-01
   3.2866667e-01
   3.2640000e-01
   3.2413333e-01
   3.2186667e-01
   3.1960000e-01
   3.1733333e-01
   3.1506667e-01
   3.1280000e-01
   3.1053333e-01
   3.0826667e-01
   3.0600000e-01
   3.0373333e-01
   3.0146667e-01
   2.9920000e-01
   2.9693333e-01
   2.9466667e-01
   2.9240000e-01
   2.9013333e-01
   2.8786667e-01
   2.8560000e-01
   2.8333333e-01
   2.8106667e-01
   2.7880000e-01
   2.7653333e-01
   2.7426667e-01
   2.7200000e-01
   2.6973333e-01
   2.6746667e-01
   2.6520000e-01
   2.6293333e-01
   2.6066667e-01
   2.5840000e-01
   2.5613333e-01
   2.5386667e-01
   2.5160000e-01
   2.4933333e-01
   2.4706667e-01
   2.4480000e-01
   2.4253333e-01
   2.4026667e-01
   2.3800000e-01
   2.3573333e-01
   2.3346667e-01
   2.3120000e-01
   2.2893333e-01
   2.2666667e-01
   2.2440000e-01
   2.2213333e-01
   2.1986667e-01
   2.1760000e-01
   2.1533333e-01
   2.1306667e-01
   2.1080000e-01
   2.0853333e-01
   2.0626667e-01
   2.0400000e-01
   2.0173333e-01
   1.9946667e-01
   1.9720000e-01
   1.9493333e-01
   1.9266667e-01
   1.9040000e-01
   1.8813333e-01
   1.8586667e-01
   1.8360000e-01
   1.8133333e-01
   1.7906667e-01
   1.7680000e-01
   1.7453333e-01
   1.7226667e-01
   1.7000000e-01
   1.6773333e-01
   1.6546667e-01
   1.6320000e-01
   1.6093333e-01
   1.5866667e-01
   1.5640000e-01
   1.5413333e-01
   1.5186667e-01
   1.4960000e-01
   1.4733333e-01
   1.4506667e-01
   1.4280000e-01
   1.4053333e-01
   1.3826667e-01
   1.3600000e-01
   1.3373333e-01
   1.3146667e-01
   1.2920000e-01
   1.2693333e-01
   1.2466667e-01
   1.2240000e-01
   1.2013333e-01
   1.1786667e-01
   1.1560000e-01
   1.1333333e-01
   1.1106667e-01
   1.0880000e-01
   1.0653333e-01
   1.0426667e-01
   1.0200000e-01
   9.9733333e-02
   9.7466667e-02
   9.5200000e-02
   9.2933333e-02
   9.0666667e-02
   8.8400000e-02
   8.6133333e-02
   8.3866667e-02
   8.1600000e-02
   7.9333333e-02
   7.7066667e-02
   7.4800000e-02
   7.2533333e-02
   7.0266667e-02
   6.8000000e-02
   6.5733333e-02
   6.3466667e-02
   6.1200000e-02
   5.8933333e-02
   5.6666667e-02
   5.4400000e-02
   5.2133333e-02
   4.9866667e-02
   4.7600000e-02
   4.5333333e-02
   4.3066667e-02
   4.0800000e-02
   3.8533333e-02
   3.6266667e-02
   3.4000000e-02
   3.1733333e-02
   2.9466667e-02
   2.7200000e-02
   2.4933333e-02
   2.2666667e-02
   2.0400000e-02
   1.8133333e-02
   1.5866667e-02
   1.3600000e-02
   1.1333333e-02
   9.0666667e-03
   6.8000000e-03
   4.5333333e-03
